0 111
1 111
00 10101
01 10101
10 10101
11 10101
000 10111
001 10111
010 10111
011 10111
100 10111
101 10111
110 10111
111 10111
0000 1011
0001 1011
0010 1011
0011 1011
0100 1011
0101 1011
0110 1011
0111 1011
1000 1011
1001 1011
1010 1011
1011 1011
1100 1011
1101 1011
1110 1011
1111 1011
00000 10100110111
00001 10100110111
00010 10100110111
00011 10100110111
00100 10100110111
00101 10100110111
00110 10100110111
00111 10100110111
01000 10100110111
01001 10100110111
01010 10100110111
01011 10100110111
01100 10100110111
01101 10100110111
01110 10100110111
01111 10100110111
10000 10100110111
10001 10100110111
10010 10100110111
10011 10100110111
10100 10100110111
10101 10100110111
10110 10100110111
10111 10100110111
11000 10100110111
11001 10100110111
11010 10100110111
11011 10100110111
11100 10100110111
11101 10100110111
11110 10100110111
11111 10100110111
000000 11111
000001 11111
000010 11111
000011 11111
000100 11111
000101 11111
000110 11111
000111 11111
001000 11111
001001 11111
001010 11111
001011 11111
001100 11111
001101 11111
001110 11111
001111 11111
010000 11111
010001 11111
010010 11111
010011 11111
010100 11111
010101 11111
010110 11111
010111 11111
011000 11111
011001 11111
011010 11111
011011 11111
011100 11111
011101 11111
011110 11111
011111 11111
100000 11111
100001 11111
100010 11111
100011 11111
100100 11111
100101 11111
100110 11111
100111 11111
101000 11111
101001 11111
101010 11111
101011 11111
101100 11111
101101 11111
101110 11111
101111 11111
110000 11111
110001 11111
110010 11111
110011 11111
110100 11111
110101 11111
110110 11111
110111 11111
111000 11111
111001 11111
111010 11111
111011 11111
111100 11111
111101 11111
111110 11111
111111 11111
0000000 101101
0000001 101101
0000010 101101
0000011 101101
0000100 101101
0000101 101101
0000110 101101
0000111 101101
0001000 101101
0001001 101101
0001010 101101
0001011 101101
0001100 101101
0001101 101101
0001110 101101
0001111 101101
0010000 101101
0010001 101101
0010010 101101
0010011 101101
0010100 101101
0010101 101101
0010110 101101
0010111 101101
0011000 101101
0011001 101101
0011010 101101
0011011 101101
0011100 101101
0011101 101101
0011110 101101
0011111 101101
0100000 101101
0100001 101101
0100010 101101
0100011 101101
0100100 101101
0100101 101101
0100110 101101
0100111 101101
0101000 101101
0101001 101101
0101010 101101
0101011 101101
0101100 101101
0101101 101101
0101110 101101
0101111 101101
0110000 101101
0110001 101101
0110010 101101
0110011 101101
0110100 101101
0110101 101101
0110110 101101
0110111 101101
0111000 101101
0111001 101101
0111010 101101
0111011 101101
0111100 101101
0111101 101101
0111110 101101
0111111 101101
1000000 101101
1000001 101101
1000010 101101
1000011 101101
1000100 101101
1000101 101101
1000110 101101
1000111 101101
1001000 101101
1001001 101101
1001010 101101
1001011 101101
1001100 101101
1001101 101101
1001110 101101
1001111 101101
1010000 101101
1010001 101101
1010010 101101
1010011 101101
1010100 101101
1010101 101101
1010110 101101
1010111 101101
1011000 101101
1011001 101101
1011010 101101
1011011 101101
1011100 101101
1011101 101101
1011110 101101
1011111 101101
1100000 101101
1100001 101101
1100010 101101
1100011 101101
1100100 101101
1100101 101101
1100110 101101
1100111 101101
1101000 101101
1101001 101101
1101010 101101
1101011 101101
1101100 101101
1101101 101101
1101110 101101
1101111 101101
1110000 101101
1110001 101101
1110010 101101
1110011 101101
1110100 101101
1110101 101101
1110110 101101
1110111 101101
1111000 101101
1111001 101101
1111010 101101
1111011 101101
1111100 101101
1111101 101101
1111110 101101
1111111 101101
00000000 10101
00000001 10101
00000010 10101
00000011 10101
00000100 10101
00000101 10101
00000110 10101
00000111 10101
00001000 10101
00001001 10101
00001010 10101
00001011 10101
00001100 10101
00001101 10101
00001110 10101
00001111 10101
00010000 10101
00010001 10101
00010010 10101
00010011 10101
00010100 10101
00010101 10101
00010110 10101
00010111 10101
00011000 10101
00011001 10101
00011010 10101
00011011 10101
00011100 10101
00011101 10101
00011110 10101
00011111 10101
00100000 10101
00100001 10101
00100010 10101
00100011 10101
00100100 10101
00100101 10101
00100110 10101
00100111 10101
00101000 10101
00101001 10101
00101010 10101
00101011 10101
00101100 10101
00101101 10101
00101110 10101
00101111 10101
00110000 10101
00110001 10101
00110010 10101
00110011 10101
00110100 10101
00110101 10101
00110110 10101
00110111 10101
00111000 10101
00111001 10101
00111010 10101
00111011 10101
00111100 10101
00111101 10101
00111110 10101
00111111 10101
01000000 10101
01000001 10101
01000010 10101
01000011 10101
01000100 10101
01000101 10101
01000110 10101
01000111 10101
01001000 10101
01001001 10101
01001010 10101
01001011 10101
01001100 10101
01001101 10101
01001110 10101
01001111 10101
01010000 10101
01010001 10101
01010010 10101
01010011 10101
01010100 10101
01010101 10101
01010110 10101
01010111 10101
01011000 10101
01011001 10101
01011010 10101
01011011 10101
01011100 10101
01011101 10101
01011110 10101
01011111 10101
01100000 10101
01100001 10101
01100010 10101
01100011 10101
01100100 10101
01100101 10101
01100110 10101
01100111 10101
01101000 10101
01101001 10101
01101010 10101
01101011 10101
01101100 10101
01101101 10101
01101110 10101
01101111 10101
01110000 10101
01110001 10101
01110010 10101
01110011 10101
01110100 10101
01110101 10101
01110110 10101
01110111 10101
01111000 10101
01111001 10101
01111010 10101
01111011 10101
01111100 10101
01111101 10101
01111110 10101
01111111 10101
10000000 10101
10000001 10101
10000010 10101
10000011 10101
10000100 10101
10000101 10101
10000110 10101
10000111 10101
10001000 10101
10001001 10101
10001010 10101
10001011 10101
10001100 10101
10001101 10101
10001110 10101
10001111 10101
10010000 10101
10010001 10101
10010010 10101
10010011 10101
10010100 10101
10010101 10101
10010110 10101
10010111 10101
10011000 10101
10011001 10101
10011010 10101
10011011 10101
10011100 10101
10011101 10101
10011110 10101
10011111 10101
10100000 10101
10100001 10101
10100010 10101
10100011 10101
10100100 10101
10100101 10101
10100110 10101
10100111 10101
10101000 10101
10101001 10101
10101010 10101
10101011 10101
10101100 10101
10101101 10101
10101110 10101
10101111 10101
10110000 10101
10110001 10101
10110010 10101
10110011 10101
10110100 10101
10110101 10101
10110110 10101
10110111 10101
10111000 10101
10111001 10101
10111010 10101
10111011 10101
10111100 10101
10111101 10101
10111110 10101
10111111 10101
11000000 10101
11000001 10101
11000010 10101
11000011 10101
11000100 10101
11000101 10101
11000110 10101
11000111 10101
11001000 10101
11001001 10101
11001010 10101
11001011 10101
11001100 10101
11001101 10101
11001110 10101
11001111 10101
11010000 10101
11010001 10101
11010010 10101
11010011 10101
11010100 10101
11010101 10101
11010110 10101
11010111 10101
11011000 10101
11011001 10101
11011010 10101
11011011 10101
11011100 10101
11011101 10101
11011110 10101
11011111 10101
11100000 10101
11100001 10101
11100010 10101
11100011 10101
11100100 10101
11100101 10101
11100110 10101
11100111 10101
11101000 10101
11101001 10101
11101010 10101
11101011 10101
11101100 10101
11101101 10101
11101110 10101
11101111 10101
11110000 10101
11110001 10101
11110010 10101
11110011 10101
11110100 10101
11110101 10101
11110110 10101
11110111 10101
11111000 10101
11111001 10101
11111010 10101
11111011 10101
11111100 10101
11111101 10101
11111110 10101
11111111 10101
000000000 100111
000000001 100111
000000010 100111
000000011 100111
000000100 100111
000000101 100111
000000110 100111
000000111 100111
000001000 100111
000001001 100111
000001010 100111
000001011 100111
000001100 100111
000001101 100111
000001110 100111
000001111 100111
000010000 100111
000010001 100111
000010010 100111
000010011 100111
000010100 100111
000010101 100111
000010110 100111
000010111 100111
000011000 100111
000011001 100111
000011010 100111
000011011 100111
000011100 100111
000011101 100111
000011110 100111
000011111 100111
000100000 100111
000100001 100111
000100010 100111
000100011 100111
000100100 100111
000100101 100111
000100110 100111
000100111 100111
000101000 100111
000101001 100111
000101010 100111
000101011 100111
000101100 100111
000101101 100111
000101110 100111
000101111 100111
000110000 100111
000110001 100111
000110010 100111
000110011 100111
000110100 100111
000110101 100111
000110110 100111
000110111 100111
000111000 100111
000111001 100111
000111010 100111
000111011 100111
000111100 100111
000111101 100111
000111110 100111
000111111 100111
001000000 100111
001000001 100111
001000010 100111
001000011 100111
001000100 100111
001000101 100111
001000110 100111
001000111 100111
001001000 100111
001001001 100111
001001010 100111
001001011 100111
001001100 100111
001001101 100111
001001110 100111
001001111 100111
001010000 100111
001010001 100111
001010010 100111
001010011 100111
001010100 100111
001010101 100111
001010110 100111
001010111 100111
001011000 100111
001011001 100111
001011010 100111
001011011 100111
001011100 100111
001011101 100111
001011110 100111
001011111 100111
001100000 100111
001100001 100111
001100010 100111
001100011 100111
001100100 100111
001100101 100111
001100110 100111
001100111 100111
001101000 100111
001101001 100111
001101010 100111
001101011 100111
001101100 100111
001101101 100111
001101110 100111
001101111 100111
001110000 100111
001110001 100111
001110010 100111
001110011 100111
001110100 100111
001110101 100111
001110110 100111
001110111 100111
001111000 100111
001111001 100111
001111010 100111
001111011 100111
001111100 100111
001111101 100111
001111110 100111
001111111 100111
010000000 100111
010000001 100111
010000010 100111
010000011 100111
010000100 100111
010000101 100111
010000110 100111
010000111 100111
010001000 100111
010001001 100111
010001010 100111
010001011 100111
010001100 100111
010001101 100111
010001110 100111
010001111 100111
010010000 100111
010010001 100111
010010010 100111
010010011 100111
010010100 100111
010010101 100111
010010110 100111
010010111 100111
010011000 100111
010011001 100111
010011010 100111
010011011 100111
010011100 100111
010011101 100111
010011110 100111
010011111 100111
010100000 100111
010100001 100111
010100010 100111
010100011 100111
010100100 100111
010100101 100111
010100110 100111
010100111 100111
010101000 100111
010101001 100111
010101010 100111
010101011 100111
010101100 100111
010101101 100111
010101110 100111
010101111 100111
010110000 100111
010110001 100111
010110010 100111
010110011 100111
010110100 100111
010110101 100111
010110110 100111
010110111 100111
010111000 100111
010111001 100111
010111010 100111
010111011 100111
010111100 100111
010111101 100111
010111110 100111
010111111 100111
011000000 100111
011000001 100111
011000010 100111
011000011 100111
011000100 100111
011000101 100111
011000110 100111
011000111 100111
011001000 100111
011001001 100111
011001010 100111
011001011 100111
011001100 100111
011001101 100111
011001110 100111
011001111 100111
011010000 100111
011010001 100111
011010010 100111
011010011 100111
011010100 100111
011010101 100111
011010110 100111
011010111 100111
011011000 100111
011011001 100111
011011010 100111
011011011 100111
011011100 100111
011011101 100111
011011110 100111
011011111 100111
011100000 100111
011100001 100111
011100010 100111
011100011 100111
011100100 100111
011100101 100111
011100110 100111
011100111 100111
011101000 100111
011101001 100111
011101010 100111
011101011 100111
011101100 100111
011101101 100111
011101110 100111
011101111 100111
011110000 100111
011110001 100111
011110010 100111
011110011 100111
011110100 100111
011110101 100111
011110110 100111
011110111 100111
011111000 100111
011111001 100111
011111010 100111
011111011 100111
011111100 100111
011111101 100111
011111110 100111
011111111 100111
100000000 100111
100000001 100111
100000010 100111
100000011 100111
100000100 100111
100000101 100111
100000110 100111
100000111 100111
100001000 100111
100001001 100111
100001010 100111
100001011 100111
100001100 100111
100001101 100111
100001110 100111
100001111 100111
100010000 100111
100010001 100111
100010010 100111
100010011 100111
100010100 100111
100010101 100111
100010110 100111
100010111 100111
100011000 100111
100011001 100111
100011010 100111
100011011 100111
100011100 100111
100011101 100111
100011110 100111
100011111 100111
100100000 100111
100100001 100111
100100010 100111
100100011 100111
100100100 100111
100100101 100111
100100110 100111
100100111 100111
100101000 100111
100101001 100111
100101010 100111
100101011 100111
100101100 100111
100101101 100111
100101110 100111
100101111 100111
100110000 100111
100110001 100111
100110010 100111
100110011 100111
100110100 100111
100110101 100111
100110110 100111
100110111 100111
100111000 100111
100111001 100111
100111010 100111
100111011 100111
100111100 100111
100111101 100111
100111110 100111
100111111 100111
101000000 100111
101000001 100111
101000010 100111
101000011 100111
101000100 100111
101000101 100111
101000110 100111
101000111 100111
101001000 100111
101001001 100111
101001010 100111
101001011 100111
101001100 100111
101001101 100111
101001110 100111
101001111 100111
101010000 100111
101010001 100111
101010010 100111
101010011 100111
101010100 100111
101010101 100111
101010110 100111
101010111 100111
101011000 100111
101011001 100111
101011010 100111
101011011 100111
101011100 100111
101011101 100111
101011110 100111
101011111 100111
101100000 100111
101100001 100111
101100010 100111
101100011 100111
101100100 100111
101100101 100111
101100110 100111
101100111 100111
101101000 100111
101101001 100111
101101010 100111
101101011 100111
101101100 100111
101101101 100111
101101110 100111
101101111 100111
101110000 100111
101110001 100111
101110010 100111
101110011 100111
101110100 100111
101110101 100111
101110110 100111
101110111 100111
101111000 100111
101111001 100111
101111010 100111
101111011 100111
101111100 100111
101111101 100111
101111110 100111
101111111 100111
110000000 100111
110000001 100111
110000010 100111
110000011 100111
110000100 100111
110000101 100111
110000110 100111
110000111 100111
110001000 100111
110001001 100111
110001010 100111
110001011 100111
110001100 100111
110001101 100111
110001110 100111
110001111 100111
110010000 100111
110010001 100111
110010010 100111
110010011 100111
110010100 100111
110010101 100111
110010110 100111
110010111 100111
110011000 100111
110011001 100111
110011010 100111
110011011 100111
110011100 100111
110011101 100111
110011110 100111
110011111 100111
110100000 100111
110100001 100111
110100010 100111
110100011 100111
110100100 100111
110100101 100111
110100110 100111
110100111 100111
110101000 100111
110101001 100111
110101010 100111
110101011 100111
110101100 100111
110101101 100111
110101110 100111
110101111 100111
110110000 100111
110110001 100111
110110010 100111
110110011 100111
110110100 100111
110110101 100111
110110110 100111
110110111 100111
110111000 100111
110111001 100111
110111010 100111
110111011 100111
110111100 100111
110111101 100111
110111110 100111
110111111 100111
111000000 100111
111000001 100111
111000010 100111
111000011 100111
111000100 100111
111000101 100111
111000110 100111
111000111 100111
111001000 100111
111001001 100111
111001010 100111
111001011 100111
111001100 100111
111001101 100111
111001110 100111
111001111 100111
111010000 100111
111010001 100111
111010010 100111
111010011 100111
111010100 100111
111010101 100111
111010110 100111
111010111 100111
111011000 100111
111011001 100111
111011010 100111
111011011 100111
111011100 100111
111011101 100111
111011110 100111
111011111 100111
111100000 100111
111100001 100111
111100010 100111
111100011 100111
111100100 100111
111100101 100111
111100110 100111
111100111 100111
111101000 100111
111101001 100111
111101010 100111
111101011 100111
111101100 100111
111101101 100111
111101110 100111
111101111 100111
111110000 100111
111110001 100111
111110010 100111
111110011 100111
111110100 100111
111110101 100111
111110110 100111
111110111 100111
111111000 100111
111111001 100111
111111010 100111
111111011 100111
111111100 100111
111111101 100111
111111110 100111
111111111 100111
0000000000 10111
0000000001 10111
0000000010 10111
0000000011 10111
0000000100 10111
0000000101 10111
0000000110 10111
0000000111 10111
0000001000 10111
0000001001 10111
0000001010 10111
0000001011 10111
0000001100 10111
0000001101 10111
0000001110 10111
0000001111 10111
0000010000 10111
0000010001 10111
0000010010 10111
0000010011 10111
0000010100 10111
0000010101 10111
0000010110 10111
0000010111 10111
0000011000 10111
0000011001 10111
0000011010 10111
0000011011 10111
0000011100 10111
0000011101 10111
0000011110 10111
0000011111 10111
0000100000 10111
0000100001 10111
0000100010 10111
0000100011 10111
0000100100 10111
0000100101 10111
0000100110 10111
0000100111 10111
0000101000 10111
0000101001 10111
0000101010 10111
0000101011 10111
0000101100 10111
0000101101 10111
0000101110 10111
0000101111 10111
0000110000 10111
0000110001 10111
0000110010 10111
0000110011 10111
0000110100 10111
0000110101 10111
0000110110 10111
0000110111 10111
0000111000 10111
0000111001 10111
0000111010 10111
0000111011 10111
0000111100 10111
0000111101 10111
0000111110 10111
0000111111 10111
0001000000 10111
0001000001 10111
0001000010 10111
0001000011 10111
0001000100 10111
0001000101 10111
0001000110 10111
0001000111 10111
0001001000 10111
0001001001 10111
0001001010 10111
0001001011 10111
0001001100 10111
0001001101 10111
0001001110 10111
0001001111 10111
0001010000 10111
0001010001 10111
0001010010 10111
0001010011 10111
0001010100 10111
0001010101 10111
0001010110 10111
0001010111 10111
0001011000 10111
0001011001 10111
0001011010 10111
0001011011 10111
0001011100 10111
0001011101 10111
0001011110 10111
0001011111 10111
0001100000 10111
0001100001 10111
0001100010 10111
0001100011 10111
0001100100 10111
0001100101 10111
0001100110 10111
0001100111 10111
0001101000 10111
0001101001 10111
0001101010 10111
0001101011 10111
0001101100 10111
0001101101 10111
0001101110 10111
0001101111 10111
0001110000 10111
0001110001 10111
0001110010 10111
0001110011 10111
0001110100 10111
0001110101 10111
0001110110 10111
0001110111 10111
0001111000 10111
0001111001 10111
0001111010 10111
0001111011 10111
0001111100 10111
0001111101 10111
0001111110 10111
0001111111 10111
0010000000 10111
0010000001 10111
0010000010 10111
0010000011 10111
0010000100 10111
0010000101 10111
0010000110 10111
0010000111 10111
0010001000 10111
0010001001 10111
0010001010 10111
0010001011 10111
0010001100 10111
0010001101 10111
0010001110 10111
0010001111 10111
0010010000 10111
0010010001 10111
0010010010 10111
0010010011 10111
0010010100 10111
0010010101 10111
0010010110 10111
0010010111 10111
0010011000 10111
0010011001 10111
0010011010 10111
0010011011 10111
0010011100 10111
0010011101 10111
0010011110 10111
0010011111 10111
0010100000 10111
0010100001 10111
0010100010 10111
0010100011 10111
0010100100 10111
0010100101 10111
0010100110 10111
0010100111 10111
0010101000 10111
0010101001 10111
0010101010 10111
0010101011 10111
0010101100 10111
0010101101 10111
0010101110 10111
0010101111 10111
0010110000 10111
0010110001 10111
0010110010 10111
0010110011 10111
0010110100 10111
0010110101 10111
0010110110 10111
0010110111 10111
0010111000 10111
0010111001 10111
0010111010 10111
0010111011 10111
0010111100 10111
0010111101 10111
0010111110 10111
0010111111 10111
0011000000 10111
0011000001 10111
0011000010 10111
0011000011 10111
0011000100 10111
0011000101 10111
0011000110 10111
0011000111 10111
0011001000 10111
0011001001 10111
0011001010 10111
0011001011 10111
0011001100 10111
0011001101 10111
0011001110 10111
0011001111 10111
0011010000 10111
0011010001 10111
0011010010 10111
0011010011 10111
0011010100 10111
0011010101 10111
0011010110 10111
0011010111 10111
0011011000 10111
0011011001 10111
0011011010 10111
0011011011 10111
0011011100 10111
0011011101 10111
0011011110 10111
0011011111 10111
0011100000 10111
0011100001 10111
0011100010 10111
0011100011 10111
0011100100 10111
0011100101 10111
0011100110 10111
0011100111 10111
0011101000 10111
0011101001 10111
0011101010 10111
0011101011 10111
0011101100 10111
0011101101 10111
0011101110 10111
0011101111 10111
0011110000 10111
0011110001 10111
0011110010 10111
0011110011 10111
0011110100 10111
0011110101 10111
0011110110 10111
0011110111 10111
0011111000 10111
0011111001 10111
0011111010 10111
0011111011 10111
0011111100 10111
0011111101 10111
0011111110 10111
0011111111 10111
0100000000 10111
0100000001 10111
0100000010 10111
0100000011 10111
0100000100 10111
0100000101 10111
0100000110 10111
0100000111 10111
0100001000 10111
0100001001 10111
0100001010 10111
0100001011 10111
0100001100 10111
0100001101 10111
0100001110 10111
0100001111 10111
0100010000 10111
0100010001 10111
0100010010 10111
0100010011 10111
0100010100 10111
0100010101 10111
0100010110 10111
0100010111 10111
0100011000 10111
0100011001 10111
0100011010 10111
0100011011 10111
0100011100 10111
0100011101 10111
0100011110 10111
0100011111 10111
0100100000 10111
0100100001 10111
0100100010 10111
0100100011 10111
0100100100 10111
0100100101 10111
0100100110 10111
0100100111 10111
0100101000 10111
0100101001 10111
0100101010 10111
0100101011 10111
0100101100 10111
0100101101 10111
0100101110 10111
0100101111 10111
0100110000 10111
0100110001 10111
0100110010 10111
0100110011 10111
0100110100 10111
0100110101 10111
0100110110 10111
0100110111 10111
0100111000 10111
0100111001 10111
0100111010 10111
0100111011 10111
0100111100 10111
0100111101 10111
0100111110 10111
0100111111 10111
0101000000 10111
0101000001 10111
0101000010 10111
0101000011 10111
0101000100 10111
0101000101 10111
0101000110 10111
0101000111 10111
0101001000 10111
0101001001 10111
0101001010 10111
0101001011 10111
0101001100 10111
0101001101 10111
0101001110 10111
0101001111 10111
0101010000 10111
0101010001 10111
0101010010 10111
0101010011 10111
0101010100 10111
0101010101 10111
0101010110 10111
0101010111 10111
0101011000 10111
0101011001 10111
0101011010 10111
0101011011 10111
0101011100 10111
0101011101 10111
0101011110 10111
0101011111 10111
0101100000 10111
0101100001 10111
0101100010 10111
0101100011 10111
0101100100 10111
0101100101 10111
0101100110 10111
0101100111 10111
0101101000 10111
0101101001 10111
0101101010 10111
0101101011 10111
0101101100 10111
0101101101 10111
0101101110 10111
0101101111 10111
0101110000 10111
0101110001 10111
0101110010 10111
0101110011 10111
0101110100 10111
0101110101 10111
0101110110 10111
0101110111 10111
0101111000 10111
0101111001 10111
0101111010 10111
0101111011 10111
0101111100 10111
0101111101 10111
0101111110 10111
0101111111 10111
0110000000 10111
0110000001 10111
0110000010 10111
0110000011 10111
0110000100 10111
0110000101 10111
0110000110 10111
0110000111 10111
0110001000 10111
0110001001 10111
0110001010 10111
0110001011 10111
0110001100 10111
0110001101 10111
0110001110 10111
0110001111 10111
0110010000 10111
0110010001 10111
0110010010 10111
0110010011 10111
0110010100 10111
0110010101 10111
0110010110 10111
0110010111 10111
0110011000 10111
0110011001 10111
0110011010 10111
0110011011 10111
0110011100 10111
0110011101 10111
0110011110 10111
0110011111 10111
0110100000 10111
0110100001 10111
0110100010 10111
0110100011 10111
0110100100 10111
0110100101 10111
0110100110 10111
0110100111 10111
0110101000 10111
0110101001 10111
0110101010 10111
0110101011 10111
0110101100 10111
0110101101 10111
0110101110 10111
0110101111 10111
0110110000 10111
0110110001 10111
0110110010 10111
0110110011 10111
0110110100 10111
0110110101 10111
0110110110 10111
0110110111 10111
0110111000 10111
0110111001 10111
0110111010 10111
0110111011 10111
0110111100 10111
0110111101 10111
0110111110 10111
0110111111 10111
0111000000 10111
0111000001 10111
0111000010 10111
0111000011 10111
0111000100 10111
0111000101 10111
0111000110 10111
0111000111 10111
0111001000 10111
0111001001 10111
0111001010 10111
0111001011 10111
0111001100 10111
0111001101 10111
0111001110 10111
0111001111 10111
0111010000 10111
0111010001 10111
0111010010 10111
0111010011 10111
0111010100 10111
0111010101 10111
0111010110 10111
0111010111 10111
0111011000 10111
0111011001 10111
0111011010 10111
0111011011 10111
0111011100 10111
0111011101 10111
0111011110 10111
0111011111 10111
0111100000 10111
0111100001 10111
0111100010 10111
0111100011 10111
0111100100 10111
0111100101 10111
0111100110 10111
0111100111 10111
0111101000 10111
0111101001 10111
0111101010 10111
0111101011 10111
0111101100 10111
0111101101 10111
0111101110 10111
0111101111 10111
0111110000 10111
0111110001 10111
0111110010 10111
0111110011 10111
0111110100 10111
0111110101 10111
0111110110 10111
0111110111 10111
0111111000 10111
0111111001 10111
0111111010 10111
0111111011 10111
0111111100 10111
0111111101 10111
0111111110 10111
0111111111 10111
1000000000 10111
1000000001 10111
1000000010 10111
1000000011 10111
1000000100 10111
1000000101 10111
1000000110 10111
1000000111 10111
1000001000 10111
1000001001 10111
1000001010 10111
1000001011 10111
1000001100 10111
1000001101 10111
1000001110 10111
1000001111 10111
1000010000 10111
1000010001 10111
1000010010 10111
1000010011 10111
1000010100 10111
1000010101 10111
1000010110 10111
1000010111 10111
1000011000 10111
1000011001 10111
1000011010 10111
1000011011 10111
1000011100 10111
1000011101 10111
1000011110 10111
1000011111 10111
1000100000 10111
1000100001 10111
1000100010 10111
1000100011 10111
1000100100 10111
1000100101 10111
1000100110 10111
1000100111 10111
1000101000 10111
1000101001 10111
1000101010 10111
1000101011 10111
1000101100 10111
1000101101 10111
1000101110 10111
1000101111 10111
1000110000 10111
1000110001 10111
1000110010 10111
1000110011 10111
1000110100 10111
1000110101 10111
1000110110 10111
1000110111 10111
1000111000 10111
1000111001 10111
1000111010 10111
1000111011 10111
1000111100 10111
1000111101 10111
1000111110 10111
1000111111 10111
1001000000 10111
1001000001 10111
1001000010 10111
1001000011 10111
1001000100 10111
1001000101 10111
1001000110 10111
1001000111 10111
1001001000 10111
1001001001 10111
1001001010 10111
1001001011 10111
1001001100 10111
1001001101 10111
1001001110 10111
1001001111 10111
1001010000 10111
1001010001 10111
1001010010 10111
1001010011 10111
1001010100 10111
1001010101 10111
1001010110 10111
1001010111 10111
1001011000 10111
1001011001 10111
1001011010 10111
1001011011 10111
1001011100 10111
1001011101 10111
1001011110 10111
1001011111 10111
1001100000 10111
1001100001 10111
1001100010 10111
1001100011 10111
1001100100 10111
1001100101 10111
1001100110 10111
1001100111 10111
1001101000 10111
1001101001 10111
1001101010 10111
1001101011 10111
1001101100 10111
1001101101 10111
1001101110 10111
1001101111 10111
1001110000 10111
1001110001 10111
1001110010 10111
1001110011 10111
1001110100 10111
1001110101 10111
1001110110 10111
1001110111 10111
1001111000 10111
1001111001 10111
1001111010 10111
1001111011 10111
1001111100 10111
1001111101 10111
1001111110 10111
1001111111 10111
1010000000 10111
1010000001 10111
1010000010 10111
1010000011 10111
1010000100 10111
1010000101 10111
1010000110 10111
1010000111 10111
1010001000 10111
1010001001 10111
1010001010 10111
1010001011 10111
1010001100 10111
1010001101 10111
1010001110 10111
1010001111 10111
1010010000 10111
1010010001 10111
1010010010 10111
1010010011 10111
1010010100 10111
1010010101 10111
1010010110 10111
1010010111 10111
1010011000 10111
1010011001 10111
1010011010 10111
1010011011 10111
1010011100 10111
1010011101 10111
1010011110 10111
1010011111 10111
1010100000 10111
1010100001 10111
1010100010 10111
1010100011 10111
1010100100 10111
1010100101 10111
1010100110 10111
1010100111 10111
1010101000 10111
1010101001 10111
1010101010 10111
1010101011 10111
1010101100 10111
1010101101 10111
1010101110 10111
1010101111 10111
1010110000 10111
1010110001 10111
1010110010 10111
1010110011 10111
1010110100 10111
1010110101 10111
1010110110 10111
1010110111 10111
1010111000 10111
1010111001 10111
1010111010 10111
1010111011 10111
1010111100 10111
1010111101 10111
1010111110 10111
1010111111 10111
1011000000 10111
1011000001 10111
1011000010 10111
1011000011 10111
1011000100 10111
1011000101 10111
1011000110 10111
1011000111 10111
1011001000 10111
1011001001 10111
1011001010 10111
1011001011 10111
1011001100 10111
1011001101 10111
1011001110 10111
1011001111 10111
1011010000 10111
1011010001 10111
1011010010 10111
1011010011 10111
1011010100 10111
1011010101 10111
1011010110 10111
1011010111 10111
1011011000 10111
1011011001 10111
1011011010 10111
1011011011 10111
1011011100 10111
1011011101 10111
1011011110 10111
1011011111 10111
1011100000 10111
1011100001 10111
1011100010 10111
1011100011 10111
1011100100 10111
1011100101 10111
1011100110 10111
1011100111 10111
1011101000 10111
1011101001 10111
1011101010 10111
1011101011 10111
1011101100 10111
1011101101 10111
1011101110 10111
1011101111 10111
1011110000 10111
1011110001 10111
1011110010 10111
1011110011 10111
1011110100 10111
1011110101 10111
1011110110 10111
1011110111 10111
1011111000 10111
1011111001 10111
1011111010 10111
1011111011 10111
1011111100 10111
1011111101 10111
1011111110 10111
1011111111 10111
1100000000 10111
1100000001 10111
1100000010 10111
1100000011 10111
1100000100 10111
1100000101 10111
1100000110 10111
1100000111 10111
1100001000 10111
1100001001 10111
1100001010 10111
1100001011 10111
1100001100 10111
1100001101 10111
1100001110 10111
1100001111 10111
1100010000 10111
1100010001 10111
1100010010 10111
1100010011 10111
1100010100 10111
1100010101 10111
1100010110 10111
1100010111 10111
1100011000 10111
1100011001 10111
1100011010 10111
1100011011 10111
1100011100 10111
1100011101 10111
1100011110 10111
1100011111 10111
1100100000 10111
1100100001 10111
1100100010 10111
1100100011 10111
1100100100 10111
1100100101 10111
1100100110 10111
1100100111 10111
1100101000 10111
1100101001 10111
1100101010 10111
1100101011 10111
1100101100 10111
1100101101 10111
1100101110 10111
1100101111 10111
1100110000 10111
1100110001 10111
1100110010 10111
1100110011 10111
1100110100 10111
1100110101 10111
1100110110 10111
1100110111 10111
1100111000 10111
1100111001 10111
1100111010 10111
1100111011 10111
1100111100 10111
1100111101 10111
1100111110 10111
1100111111 10111
1101000000 10111
1101000001 10111
1101000010 10111
1101000011 10111
1101000100 10111
1101000101 10111
1101000110 10111
1101000111 10111
1101001000 10111
1101001001 10111
1101001010 10111
1101001011 10111
1101001100 10111
1101001101 10111
1101001110 10111
1101001111 10111
1101010000 10111
1101010001 10111
1101010010 10111
1101010011 10111
1101010100 10111
1101010101 10111
1101010110 10111
1101010111 10111
1101011000 10111
1101011001 10111
1101011010 10111
1101011011 10111
1101011100 10111
1101011101 10111
1101011110 10111
1101011111 10111
1101100000 10111
1101100001 10111
1101100010 10111
1101100011 10111
1101100100 10111
1101100101 10111
1101100110 10111
1101100111 10111
1101101000 10111
1101101001 10111
1101101010 10111
1101101011 10111
1101101100 10111
1101101101 10111
1101101110 10111
1101101111 10111
1101110000 10111
1101110001 10111
1101110010 10111
1101110011 10111
1101110100 10111
1101110101 10111
1101110110 10111
1101110111 10111
1101111000 10111
1101111001 10111
1101111010 10111
1101111011 10111
1101111100 10111
1101111101 10111
1101111110 10111
1101111111 10111
1110000000 10111
1110000001 10111
1110000010 10111
1110000011 10111
1110000100 10111
1110000101 10111
1110000110 10111
1110000111 10111
1110001000 10111
1110001001 10111
1110001010 10111
1110001011 10111
1110001100 10111
1110001101 10111
1110001110 10111
1110001111 10111
1110010000 10111
1110010001 10111
1110010010 10111
1110010011 10111
1110010100 10111
1110010101 10111
1110010110 10111
1110010111 10111
1110011000 10111
1110011001 10111
1110011010 10111
1110011011 10111
1110011100 10111
1110011101 10111
1110011110 10111
1110011111 10111
1110100000 10111
1110100001 10111
1110100010 10111
1110100011 10111
1110100100 10111
1110100101 10111
1110100110 10111
1110100111 10111
1110101000 10111
1110101001 10111
1110101010 10111
1110101011 10111
1110101100 10111
1110101101 10111
1110101110 10111
1110101111 10111
1110110000 10111
1110110001 10111
1110110010 10111
1110110011 10111
1110110100 10111
1110110101 10111
1110110110 10111
1110110111 10111
1110111000 10111
1110111001 10111
1110111010 10111
1110111011 10111
1110111100 10111
1110111101 10111
1110111110 10111
1110111111 10111
1111000000 10111
1111000001 10111
1111000010 10111
1111000011 10111
1111000100 10111
1111000101 10111
1111000110 10111
1111000111 10111
1111001000 10111
1111001001 10111
1111001010 10111
1111001011 10111
1111001100 10111
1111001101 10111
1111001110 10111
1111001111 10111
1111010000 10111
1111010001 10111
1111010010 10111
1111010011 10111
1111010100 10111
1111010101 10111
1111010110 10111
1111010111 10111
1111011000 10111
1111011001 10111
1111011010 10111
1111011011 10111
1111011100 10111
1111011101 10111
1111011110 10111
1111011111 10111
1111100000 10111
1111100001 10111
1111100010 10111
1111100011 10111
1111100100 10111
1111100101 10111
1111100110 10111
1111100111 10111
1111101000 10111
1111101001 10111
1111101010 10111
1111101011 10111
1111101100 10111
1111101101 10111
1111101110 10111
1111101111 10111
1111110000 10111
1111110001 10111
1111110010 10111
1111110011 10111
1111110100 10111
1111110101 10111
1111110110 10111
1111110111 10111
1111111000 10111
1111111001 10111
1111111010 10111
1111111011 10111
1111111100 10111
1111111101 10111
1111111110 10111
1111111111 10111
