0 000
1 000
00 00000
01 00000
10 10101
11 10101
000 000000
001 001011
010 010110
011 011101
100 100111
101 101100
110 110001
111 111010
0000 0000000
0001 0001111
0010 0010001
0011 0011110
0100 0100010
0101 0101101
0110 0110011
0111 0111100
1000 1000100
1001 1001011
1010 1010101
1011 1011010
1100 1100110
1101 1101001
1110 1110111
1111 1111000
00000 000000000
00001 000011111
00010 000100001
00011 000111110
00100 001000010
00101 001011101
00110 001100011
00111 001111100
01000 010000100
01001 010011011
01010 010100101
01011 010111010
01100 011000110
01101 011011001
01110 011100111
01111 011111000
10000 100001000
10001 100010111
10010 100101001
10011 100110110
10100 101001010
10101 101010101
10110 101101011
10111 101110100
11000 110001100
11001 110010011
11010 110101101
11011 110110010
11100 111001110
11101 111010001
11110 111101111
11111 111110000
0000000 00000000000
0000001 00000010101
0000010 00000101010
0000011 00000111111
0000100 00001000001
0000101 00001010100
0000110 00001101011
0000111 00001111110
0001000 00010000010
0001001 00010010111
0001010 00010101000
0001011 00010111101
0001100 00011000011
0001101 00011010110
0001110 00011101001
0001111 00011111100
0010000 00100000100
0010001 00100010001
0010010 00100101110
0010011 00100111011
0010100 00101000101
0010101 00101010000
0010110 00101101111
0010111 00101111010
0011000 00110000110
0011001 00110010011
0011010 00110101100
0011011 00110111001
0011100 00111000111
0011101 00111010010
0011110 00111101101
0011111 00111111000
0100000 01000001000
0100001 01000011101
0100010 01000100010
0100011 01000110111
0100100 01001001001
0100101 01001011100
0100110 01001100011
0100111 01001110110
0101000 01010001010
0101001 01010011111
0101010 01010100000
0101011 01010110101
0101100 01011001011
0101101 01011011110
0101110 01011100001
0101111 01011110100
0110000 01100001100
0110001 01100011001
0110010 01100100110
0110011 01100110011
0110100 01101001101
0110101 01101011000
0110110 01101100111
0110111 01101110010
0111000 01110001110
0111001 01110011011
0111010 01110100100
0111011 01110110001
0111100 01111001111
0111101 01111011010
0111110 01111100101
0111111 01111110000
1000000 10000000101
1000001 10000010000
1000010 10000101111
1000011 10000111010
1000100 10001000100
1000101 10001010001
1000110 10001101110
1000111 10001111011
1001000 10010000111
1001001 10010010010
1001010 10010101101
1001011 10010111000
1001100 10011000110
1001101 10011010011
1001110 10011101100
1001111 10011111001
1010000 10100000001
1010001 10100010100
1010010 10100101011
1010011 10100111110
1010100 10101000000
1010101 10101010101
1010110 10101101010
1010111 10101111111
1011000 10110000011
1011001 10110010110
1011010 10110101001
1011011 10110111100
1011100 10111000010
1011101 10111010111
1011110 10111101000
1011111 10111111101
1100000 11000001101
1100001 11000011000
1100010 11000100111
1100011 11000110010
1100100 11001001100
1100101 11001011001
1100110 11001100110
1100111 11001110011
1101000 11010001111
1101001 11010011010
1101010 11010100101
1101011 11010110000
1101100 11011001110
1101101 11011011011
1101110 11011100100
1101111 11011110001
1110000 11100001001
1110001 11100011100
1110010 11100100011
1110011 11100110110
1110100 11101001000
1110101 11101011101
1110110 11101100010
1110111 11101110111
1111000 11110001011
1111001 11110011110
1111010 11110100001
1111011 11110110100
1111100 11111001010
1111101 11111011111
1111110 11111100000
1111111 11111110101
000000000 0000000000000
000000001 0000000010111
000000010 0000000101110
000000011 0000000111001
000000100 0000001001011
000000101 0000001011100
000000110 0000001100101
000000111 0000001110010
000001000 0000010000001
000001001 0000010010110
000001010 0000010101111
000001011 0000010111000
000001100 0000011001010
000001101 0000011011101
000001110 0000011100100
000001111 0000011110011
000010000 0000100000010
000010001 0000100010101
000010010 0000100101100
000010011 0000100111011
000010100 0000101001001
000010101 0000101011110
000010110 0000101100111
000010111 0000101110000
000011000 0000110000011
000011001 0000110010100
000011010 0000110101101
000011011 0000110111010
000011100 0000111001000
000011101 0000111011111
000011110 0000111100110
000011111 0000111110001
000100000 0001000000100
000100001 0001000010011
000100010 0001000101010
000100011 0001000111101
000100100 0001001001111
000100101 0001001011000
000100110 0001001100001
000100111 0001001110110
000101000 0001010000101
000101001 0001010010010
000101010 0001010101011
000101011 0001010111100
000101100 0001011001110
000101101 0001011011001
000101110 0001011100000
000101111 0001011110111
000110000 0001100000110
000110001 0001100010001
000110010 0001100101000
000110011 0001100111111
000110100 0001101001101
000110101 0001101011010
000110110 0001101100011
000110111 0001101110100
000111000 0001110000111
000111001 0001110010000
000111010 0001110101001
000111011 0001110111110
000111100 0001111001100
000111101 0001111011011
000111110 0001111100010
000111111 0001111110101
001000000 0010000001000
001000001 0010000011111
001000010 0010000100110
001000011 0010000110001
001000100 0010001000011
001000101 0010001010100
001000110 0010001101101
001000111 0010001111010
001001000 0010010001001
001001001 0010010011110
001001010 0010010100111
001001011 0010010110000
001001100 0010011000010
001001101 0010011010101
001001110 0010011101100
001001111 0010011111011
001010000 0010100001010
001010001 0010100011101
001010010 0010100100100
001010011 0010100110011
001010100 0010101000001
001010101 0010101010110
001010110 0010101101111
001010111 0010101111000
001011000 0010110001011
001011001 0010110011100
001011010 0010110100101
001011011 0010110110010
001011100 0010111000000
001011101 0010111010111
001011110 0010111101110
001011111 0010111111001
001100000 0011000001100
001100001 0011000011011
001100010 0011000100010
001100011 0011000110101
001100100 0011001000111
001100101 0011001010000
001100110 0011001101001
001100111 0011001111110
001101000 0011010001101
001101001 0011010011010
001101010 0011010100011
001101011 0011010110100
001101100 0011011000110
001101101 0011011010001
001101110 0011011101000
001101111 0011011111111
001110000 0011100001110
001110001 0011100011001
001110010 0011100100000
001110011 0011100110111
001110100 0011101000101
001110101 0011101010010
001110110 0011101101011
001110111 0011101111100
001111000 0011110001111
001111001 0011110011000
001111010 0011110100001
001111011 0011110110110
001111100 0011111000100
001111101 0011111010011
001111110 0011111101010
001111111 0011111111101
010000000 0100000000111
010000001 0100000010000
010000010 0100000101001
010000011 0100000111110
010000100 0100001001100
010000101 0100001011011
010000110 0100001100010
010000111 0100001110101
010001000 0100010000110
010001001 0100010010001
010001010 0100010101000
010001011 0100010111111
010001100 0100011001101
010001101 0100011011010
010001110 0100011100011
010001111 0100011110100
010010000 0100100000101
010010001 0100100010010
010010010 0100100101011
010010011 0100100111100
010010100 0100101001110
010010101 0100101011001
010010110 0100101100000
010010111 0100101110111
010011000 0100110000100
010011001 0100110010011
010011010 0100110101010
010011011 0100110111101
010011100 0100111001111
010011101 0100111011000
010011110 0100111100001
010011111 0100111110110
010100000 0101000000011
010100001 0101000010100
010100010 0101000101101
010100011 0101000111010
010100100 0101001001000
010100101 0101001011111
010100110 0101001100110
010100111 0101001110001
010101000 0101010000010
010101001 0101010010101
010101010 0101010101100
010101011 0101010111011
010101100 0101011001001
010101101 0101011011110
010101110 0101011100111
010101111 0101011110000
010110000 0101100000001
010110001 0101100010110
010110010 0101100101111
010110011 0101100111000
010110100 0101101001010
010110101 0101101011101
010110110 0101101100100
010110111 0101101110011
010111000 0101110000000
010111001 0101110010111
010111010 0101110101110
010111011 0101110111001
010111100 0101111001011
010111101 0101111011100
010111110 0101111100101
010111111 0101111110010
011000000 0110000001111
011000001 0110000011000
011000010 0110000100001
011000011 0110000110110
011000100 0110001000100
011000101 0110001010011
011000110 0110001101010
011000111 0110001111101
011001000 0110010001110
011001001 0110010011001
011001010 0110010100000
011001011 0110010110111
011001100 0110011000101
011001101 0110011010010
011001110 0110011101011
011001111 0110011111100
011010000 0110100001101
011010001 0110100011010
011010010 0110100100011
011010011 0110100110100
011010100 0110101000110
011010101 0110101010001
011010110 0110101101000
011010111 0110101111111
011011000 0110110001100
011011001 0110110011011
011011010 0110110100010
011011011 0110110110101
011011100 0110111000111
011011101 0110111010000
011011110 0110111101001
011011111 0110111111110
011100000 0111000001011
011100001 0111000011100
011100010 0111000100101
011100011 0111000110010
011100100 0111001000000
011100101 0111001010111
011100110 0111001101110
011100111 0111001111001
011101000 0111010001010
011101001 0111010011101
011101010 0111010100100
011101011 0111010110011
011101100 0111011000001
011101101 0111011010110
011101110 0111011101111
011101111 0111011111000
011110000 0111100001001
011110001 0111100011110
011110010 0111100100111
011110011 0111100110000
011110100 0111101000010
011110101 0111101010101
011110110 0111101101100
011110111 0111101111011
011111000 0111110001000
011111001 0111110011111
011111010 0111110100110
011111011 0111110110001
011111100 0111111000011
011111101 0111111010100
011111110 0111111101101
011111111 0111111111010
100000000 1000000001110
100000001 1000000011001
100000010 1000000100000
100000011 1000000110111
100000100 1000001000101
100000101 1000001010010
100000110 1000001101011
100000111 1000001111100
100001000 1000010001111
100001001 1000010011000
100001010 1000010100001
100001011 1000010110110
100001100 1000011000100
100001101 1000011010011
100001110 1000011101010
100001111 1000011111101
100010000 1000100001100
100010001 1000100011011
100010010 1000100100010
100010011 1000100110101
100010100 1000101000111
100010101 1000101010000
100010110 1000101101001
100010111 1000101111110
100011000 1000110001101
100011001 1000110011010
100011010 1000110100011
100011011 1000110110100
100011100 1000111000110
100011101 1000111010001
100011110 1000111101000
100011111 1000111111111
100100000 1001000001010
100100001 1001000011101
100100010 1001000100100
100100011 1001000110011
100100100 1001001000001
100100101 1001001010110
100100110 1001001101111
100100111 1001001111000
100101000 1001010001011
100101001 1001010011100
100101010 1001010100101
100101011 1001010110010
100101100 1001011000000
100101101 1001011010111
100101110 1001011101110
100101111 1001011111001
100110000 1001100001000
100110001 1001100011111
100110010 1001100100110
100110011 1001100110001
100110100 1001101000011
100110101 1001101010100
100110110 1001101101101
100110111 1001101111010
100111000 1001110001001
100111001 1001110011110
100111010 1001110100111
100111011 1001110110000
100111100 1001111000010
100111101 1001111010101
100111110 1001111101100
100111111 1001111111011
101000000 1010000000110
101000001 1010000010001
101000010 1010000101000
101000011 1010000111111
101000100 1010001001101
101000101 1010001011010
101000110 1010001100011
101000111 1010001110100
101001000 1010010000111
101001001 1010010010000
101001010 1010010101001
101001011 1010010111110
101001100 1010011001100
101001101 1010011011011
101001110 1010011100010
101001111 1010011110101
101010000 1010100000100
101010001 1010100010011
101010010 1010100101010
101010011 1010100111101
101010100 1010101001111
101010101 1010101011000
101010110 1010101100001
101010111 1010101110110
101011000 1010110000101
101011001 1010110010010
101011010 1010110101011
101011011 1010110111100
101011100 1010111001110
101011101 1010111011001
101011110 1010111100000
101011111 1010111110111
101100000 1011000000010
101100001 1011000010101
101100010 1011000101100
101100011 1011000111011
101100100 1011001001001
101100101 1011001011110
101100110 1011001100111
101100111 1011001110000
101101000 1011010000011
101101001 1011010010100
101101010 1011010101101
101101011 1011010111010
101101100 1011011001000
101101101 1011011011111
101101110 1011011100110
101101111 1011011110001
101110000 1011100000000
101110001 1011100010111
101110010 1011100101110
101110011 1011100111001
101110100 1011101001011
101110101 1011101011100
101110110 1011101100101
101110111 1011101110010
101111000 1011110000001
101111001 1011110010110
101111010 1011110101111
101111011 1011110111000
101111100 1011111001010
101111101 1011111011101
101111110 1011111100100
101111111 1011111110011
110000000 1100000001001
110000001 1100000011110
110000010 1100000100111
110000011 1100000110000
110000100 1100001000010
110000101 1100001010101
110000110 1100001101100
110000111 1100001111011
110001000 1100010001000
110001001 1100010011111
110001010 1100010100110
110001011 1100010110001
110001100 1100011000011
110001101 1100011010100
110001110 1100011101101
110001111 1100011111010
110010000 1100100001011
110010001 1100100011100
110010010 1100100100101
110010011 1100100110010
110010100 1100101000000
110010101 1100101010111
110010110 1100101101110
110010111 1100101111001
110011000 1100110001010
110011001 1100110011101
110011010 1100110100100
110011011 1100110110011
110011100 1100111000001
110011101 1100111010110
110011110 1100111101111
110011111 1100111111000
110100000 1101000001101
110100001 1101000011010
110100010 1101000100011
110100011 1101000110100
110100100 1101001000110
110100101 1101001010001
110100110 1101001101000
110100111 1101001111111
110101000 1101010001100
110101001 1101010011011
110101010 1101010100010
110101011 1101010110101
110101100 1101011000111
110101101 1101011010000
110101110 1101011101001
110101111 1101011111110
110110000 1101100001111
110110001 1101100011000
110110010 1101100100001
110110011 1101100110110
110110100 1101101000100
110110101 1101101010011
110110110 1101101101010
110110111 1101101111101
110111000 1101110001110
110111001 1101110011001
110111010 1101110100000
110111011 1101110110111
110111100 1101111000101
110111101 1101111010010
110111110 1101111101011
110111111 1101111111100
111000000 1110000000001
111000001 1110000010110
111000010 1110000101111
111000011 1110000111000
111000100 1110001001010
111000101 1110001011101
111000110 1110001100100
111000111 1110001110011
111001000 1110010000000
111001001 1110010010111
111001010 1110010101110
111001011 1110010111001
111001100 1110011001011
111001101 1110011011100
111001110 1110011100101
111001111 1110011110010
111010000 1110100000011
111010001 1110100010100
111010010 1110100101101
111010011 1110100111010
111010100 1110101001000
111010101 1110101011111
111010110 1110101100110
111010111 1110101110001
111011000 1110110000010
111011001 1110110010101
111011010 1110110101100
111011011 1110110111011
111011100 1110111001001
111011101 1110111011110
111011110 1110111100111
111011111 1110111110000
111100000 1111000000101
111100001 1111000010010
111100010 1111000101011
111100011 1111000111100
111100100 1111001001110
111100101 1111001011001
111100110 1111001100000
111100111 1111001110111
111101000 1111010000100
111101001 1111010010011
111101010 1111010101010
111101011 1111010111101
111101100 1111011001111
111101101 1111011011000
111101110 1111011100001
111101111 1111011110110
111110000 1111100000111
111110001 1111100010000
111110010 1111100101001
111110011 1111100111110
111110100 1111101001100
111110101 1111101011011
111110110 1111101100010
111110111 1111101110101
111111000 1111110000110
111111001 1111110010001
111111010 1111110101000
111111011 1111110111111
111111100 1111111001101
111111101 1111111011010
111111110 1111111100011
111111111 1111111110100
0000000000 00000000000000
0000000001 00000000010011
0000000010 00000000100110
0000000011 00000000110101
0000000100 00000001001100
0000000101 00000001011111
0000000110 00000001101010
0000000111 00000001111001
0000001000 00000010001011
0000001001 00000010011000
0000001010 00000010101101
0000001011 00000010111110
0000001100 00000011000111
0000001101 00000011010100
0000001110 00000011100001
0000001111 00000011110010
0000010000 00000100000101
0000010001 00000100010110
0000010010 00000100100011
0000010011 00000100110000
0000010100 00000101001001
0000010101 00000101011010
0000010110 00000101101111
0000010111 00000101111100
0000011000 00000110001110
0000011001 00000110011101
0000011010 00000110101000
0000011011 00000110111011
0000011100 00000111000010
0000011101 00000111010001
0000011110 00000111100100
0000011111 00000111110111
0000100000 00001000001010
0000100001 00001000011001
0000100010 00001000101100
0000100011 00001000111111
0000100100 00001001000110
0000100101 00001001010101
0000100110 00001001100000
0000100111 00001001110011
0000101000 00001010000001
0000101001 00001010010010
0000101010 00001010100111
0000101011 00001010110100
0000101100 00001011001101
0000101101 00001011011110
0000101110 00001011101011
0000101111 00001011111000
0000110000 00001100001111
0000110001 00001100011100
0000110010 00001100101001
0000110011 00001100111010
0000110100 00001101000011
0000110101 00001101010000
0000110110 00001101100101
0000110111 00001101110110
0000111000 00001110000100
0000111001 00001110010111
0000111010 00001110100010
0000111011 00001110110001
0000111100 00001111001000
0000111101 00001111011011
0000111110 00001111101110
0000111111 00001111111101
0001000000 00010000000111
0001000001 00010000010100
0001000010 00010000100001
0001000011 00010000110010
0001000100 00010001001011
0001000101 00010001011000
0001000110 00010001101101
0001000111 00010001111110
0001001000 00010010001100
0001001001 00010010011111
0001001010 00010010101010
0001001011 00010010111001
0001001100 00010011000000
0001001101 00010011010011
0001001110 00010011100110
0001001111 00010011110101
0001010000 00010100000010
0001010001 00010100010001
0001010010 00010100100100
0001010011 00010100110111
0001010100 00010101001110
0001010101 00010101011101
0001010110 00010101101000
0001010111 00010101111011
0001011000 00010110001001
0001011001 00010110011010
0001011010 00010110101111
0001011011 00010110111100
0001011100 00010111000101
0001011101 00010111010110
0001011110 00010111100011
0001011111 00010111110000
0001100000 00011000001101
0001100001 00011000011110
0001100010 00011000101011
0001100011 00011000111000
0001100100 00011001000001
0001100101 00011001010010
0001100110 00011001100111
0001100111 00011001110100
0001101000 00011010000110
0001101001 00011010010101
0001101010 00011010100000
0001101011 00011010110011
0001101100 00011011001010
0001101101 00011011011001
0001101110 00011011101100
0001101111 00011011111111
0001110000 00011100001000
0001110001 00011100011011
0001110010 00011100101110
0001110011 00011100111101
0001110100 00011101000100
0001110101 00011101010111
0001110110 00011101100010
0001110111 00011101110001
0001111000 00011110000011
0001111001 00011110010000
0001111010 00011110100101
0001111011 00011110110110
0001111100 00011111001111
0001111101 00011111011100
0001111110 00011111101001
0001111111 00011111111010
0010000000 00100000001110
0010000001 00100000011101
0010000010 00100000101000
0010000011 00100000111011
0010000100 00100001000010
0010000101 00100001010001
0010000110 00100001100100
0010000111 00100001110111
0010001000 00100010000101
0010001001 00100010010110
0010001010 00100010100011
0010001011 00100010110000
0010001100 00100011001001
0010001101 00100011011010
0010001110 00100011101111
0010001111 00100011111100
0010010000 00100100001011
0010010001 00100100011000
0010010010 00100100101101
0010010011 00100100111110
0010010100 00100101000111
0010010101 00100101010100
0010010110 00100101100001
0010010111 00100101110010
0010011000 00100110000000
0010011001 00100110010011
0010011010 00100110100110
0010011011 00100110110101
0010011100 00100111001100
0010011101 00100111011111
0010011110 00100111101010
0010011111 00100111111001
0010100000 00101000000100
0010100001 00101000010111
0010100010 00101000100010
0010100011 00101000110001
0010100100 00101001001000
0010100101 00101001011011
0010100110 00101001101110
0010100111 00101001111101
0010101000 00101010001111
0010101001 00101010011100
0010101010 00101010101001
0010101011 00101010111010
0010101100 00101011000011
0010101101 00101011010000
0010101110 00101011100101
0010101111 00101011110110
0010110000 00101100000001
0010110001 00101100010010
0010110010 00101100100111
0010110011 00101100110100
0010110100 00101101001101
0010110101 00101101011110
0010110110 00101101101011
0010110111 00101101111000
0010111000 00101110001010
0010111001 00101110011001
0010111010 00101110101100
0010111011 00101110111111
0010111100 00101111000110
0010111101 00101111010101
0010111110 00101111100000
0010111111 00101111110011
0011000000 00110000001001
0011000001 00110000011010
0011000010 00110000101111
0011000011 00110000111100
0011000100 00110001000101
0011000101 00110001010110
0011000110 00110001100011
0011000111 00110001110000
0011001000 00110010000010
0011001001 00110010010001
0011001010 00110010100100
0011001011 00110010110111
0011001100 00110011001110
0011001101 00110011011101
0011001110 00110011101000
0011001111 00110011111011
0011010000 00110100001100
0011010001 00110100011111
0011010010 00110100101010
0011010011 00110100111001
0011010100 00110101000000
0011010101 00110101010011
0011010110 00110101100110
0011010111 00110101110101
0011011000 00110110000111
0011011001 00110110010100
0011011010 00110110100001
0011011011 00110110110010
0011011100 00110111001011
0011011101 00110111011000
0011011110 00110111101101
0011011111 00110111111110
0011100000 00111000000011
0011100001 00111000010000
0011100010 00111000100101
0011100011 00111000110110
0011100100 00111001001111
0011100101 00111001011100
0011100110 00111001101001
0011100111 00111001111010
0011101000 00111010001000
0011101001 00111010011011
0011101010 00111010101110
0011101011 00111010111101
0011101100 00111011000100
0011101101 00111011010111
0011101110 00111011100010
0011101111 00111011110001
0011110000 00111100000110
0011110001 00111100010101
0011110010 00111100100000
0011110011 00111100110011
0011110100 00111101001010
0011110101 00111101011001
0011110110 00111101101100
0011110111 00111101111111
0011111000 00111110001101
0011111001 00111110011110
0011111010 00111110101011
0011111011 00111110111000
0011111100 00111111000001
0011111101 00111111010010
0011111110 00111111100111
0011111111 00111111110100
0100000000 01000000001111
0100000001 01000000011100
0100000010 01000000101001
0100000011 01000000111010
0100000100 01000001000011
0100000101 01000001010000
0100000110 01000001100101
0100000111 01000001110110
0100001000 01000010000100
0100001001 01000010010111
0100001010 01000010100010
0100001011 01000010110001
0100001100 01000011001000
0100001101 01000011011011
0100001110 01000011101110
0100001111 01000011111101
0100010000 01000100001010
0100010001 01000100011001
0100010010 01000100101100
0100010011 01000100111111
0100010100 01000101000110
0100010101 01000101010101
0100010110 01000101100000
0100010111 01000101110011
0100011000 01000110000001
0100011001 01000110010010
0100011010 01000110100111
0100011011 01000110110100
0100011100 01000111001101
0100011101 01000111011110
0100011110 01000111101011
0100011111 01000111111000
0100100000 01001000000101
0100100001 01001000010110
0100100010 01001000100011
0100100011 01001000110000
0100100100 01001001001001
0100100101 01001001011010
0100100110 01001001101111
0100100111 01001001111100
0100101000 01001010001110
0100101001 01001010011101
0100101010 01001010101000
0100101011 01001010111011
0100101100 01001011000010
0100101101 01001011010001
0100101110 01001011100100
0100101111 01001011110111
0100110000 01001100000000
0100110001 01001100010011
0100110010 01001100100110
0100110011 01001100110101
0100110100 01001101001100
0100110101 01001101011111
0100110110 01001101101010
0100110111 01001101111001
0100111000 01001110001011
0100111001 01001110011000
0100111010 01001110101101
0100111011 01001110111110
0100111100 01001111000111
0100111101 01001111010100
0100111110 01001111100001
0100111111 01001111110010
0101000000 01010000001000
0101000001 01010000011011
0101000010 01010000101110
0101000011 01010000111101
0101000100 01010001000100
0101000101 01010001010111
0101000110 01010001100010
0101000111 01010001110001
0101001000 01010010000011
0101001001 01010010010000
0101001010 01010010100101
0101001011 01010010110110
0101001100 01010011001111
0101001101 01010011011100
0101001110 01010011101001
0101001111 01010011111010
0101010000 01010100001101
0101010001 01010100011110
0101010010 01010100101011
0101010011 01010100111000
0101010100 01010101000001
0101010101 01010101010010
0101010110 01010101100111
0101010111 01010101110100
0101011000 01010110000110
0101011001 01010110010101
0101011010 01010110100000
0101011011 01010110110011
0101011100 01010111001010
0101011101 01010111011001
0101011110 01010111101100
0101011111 01010111111111
0101100000 01011000000010
0101100001 01011000010001
0101100010 01011000100100
0101100011 01011000110111
0101100100 01011001001110
0101100101 01011001011101
0101100110 01011001101000
0101100111 01011001111011
0101101000 01011010001001
0101101001 01011010011010
0101101010 01011010101111
0101101011 01011010111100
0101101100 01011011000101
0101101101 01011011010110
0101101110 01011011100011
0101101111 01011011110000
0101110000 01011100000111
0101110001 01011100010100
0101110010 01011100100001
0101110011 01011100110010
0101110100 01011101001011
0101110101 01011101011000
0101110110 01011101101101
0101110111 01011101111110
0101111000 01011110001100
0101111001 01011110011111
0101111010 01011110101010
0101111011 01011110111001
0101111100 01011111000000
0101111101 01011111010011
0101111110 01011111100110
0101111111 01011111110101
0110000000 01100000000001
0110000001 01100000010010
0110000010 01100000100111
0110000011 01100000110100
0110000100 01100001001101
0110000101 01100001011110
0110000110 01100001101011
0110000111 01100001111000
0110001000 01100010001010
0110001001 01100010011001
0110001010 01100010101100
0110001011 01100010111111
0110001100 01100011000110
0110001101 01100011010101
0110001110 01100011100000
0110001111 01100011110011
0110010000 01100100000100
0110010001 01100100010111
0110010010 01100100100010
0110010011 01100100110001
0110010100 01100101001000
0110010101 01100101011011
0110010110 01100101101110
0110010111 01100101111101
0110011000 01100110001111
0110011001 01100110011100
0110011010 01100110101001
0110011011 01100110111010
0110011100 01100111000011
0110011101 01100111010000
0110011110 01100111100101
0110011111 01100111110110
0110100000 01101000001011
0110100001 01101000011000
0110100010 01101000101101
0110100011 01101000111110
0110100100 01101001000111
0110100101 01101001010100
0110100110 01101001100001
0110100111 01101001110010
0110101000 01101010000000
0110101001 01101010010011
0110101010 01101010100110
0110101011 01101010110101
0110101100 01101011001100
0110101101 01101011011111
0110101110 01101011101010
0110101111 01101011111001
0110110000 01101100001110
0110110001 01101100011101
0110110010 01101100101000
0110110011 01101100111011
0110110100 01101101000010
0110110101 01101101010001
0110110110 01101101100100
0110110111 01101101110111
0110111000 01101110000101
0110111001 01101110010110
0110111010 01101110100011
0110111011 01101110110000
0110111100 01101111001001
0110111101 01101111011010
0110111110 01101111101111
0110111111 01101111111100
0111000000 01110000000110
0111000001 01110000010101
0111000010 01110000100000
0111000011 01110000110011
0111000100 01110001001010
0111000101 01110001011001
0111000110 01110001101100
0111000111 01110001111111
0111001000 01110010001101
0111001001 01110010011110
0111001010 01110010101011
0111001011 01110010111000
0111001100 01110011000001
0111001101 01110011010010
0111001110 01110011100111
0111001111 01110011110100
0111010000 01110100000011
0111010001 01110100010000
0111010010 01110100100101
0111010011 01110100110110
0111010100 01110101001111
0111010101 01110101011100
0111010110 01110101101001
0111010111 01110101111010
0111011000 01110110001000
0111011001 01110110011011
0111011010 01110110101110
0111011011 01110110111101
0111011100 01110111000100
0111011101 01110111010111
0111011110 01110111100010
0111011111 01110111110001
0111100000 01111000001100
0111100001 01111000011111
0111100010 01111000101010
0111100011 01111000111001
0111100100 01111001000000
0111100101 01111001010011
0111100110 01111001100110
0111100111 01111001110101
0111101000 01111010000111
0111101001 01111010010100
0111101010 01111010100001
0111101011 01111010110010
0111101100 01111011001011
0111101101 01111011011000
0111101110 01111011101101
0111101111 01111011111110
0111110000 01111100001001
0111110001 01111100011010
0111110010 01111100101111
0111110011 01111100111100
0111110100 01111101000101
0111110101 01111101010110
0111110110 01111101100011
0111110111 01111101110000
0111111000 01111110000010
0111111001 01111110010001
0111111010 01111110100100
0111111011 01111110110111
0111111100 01111111001110
0111111101 01111111011101
0111111110 01111111101000
0111111111 01111111111011
1000000000 10000000001101
1000000001 10000000011110
1000000010 10000000101011
1000000011 10000000111000
1000000100 10000001000001
1000000101 10000001010010
1000000110 10000001100111
1000000111 10000001110100
1000001000 10000010000110
1000001001 10000010010101
1000001010 10000010100000
1000001011 10000010110011
1000001100 10000011001010
1000001101 10000011011001
1000001110 10000011101100
1000001111 10000011111111
1000010000 10000100001000
1000010001 10000100011011
1000010010 10000100101110
1000010011 10000100111101
1000010100 10000101000100
1000010101 10000101010111
1000010110 10000101100010
1000010111 10000101110001
1000011000 10000110000011
1000011001 10000110010000
1000011010 10000110100101
1000011011 10000110110110
1000011100 10000111001111
1000011101 10000111011100
1000011110 10000111101001
1000011111 10000111111010
1000100000 10001000000111
1000100001 10001000010100
1000100010 10001000100001
1000100011 10001000110010
1000100100 10001001001011
1000100101 10001001011000
1000100110 10001001101101
1000100111 10001001111110
1000101000 10001010001100
1000101001 10001010011111
1000101010 10001010101010
1000101011 10001010111001
1000101100 10001011000000
1000101101 10001011010011
1000101110 10001011100110
1000101111 10001011110101
1000110000 10001100000010
1000110001 10001100010001
1000110010 10001100100100
1000110011 10001100110111
1000110100 10001101001110
1000110101 10001101011101
1000110110 10001101101000
1000110111 10001101111011
1000111000 10001110001001
1000111001 10001110011010
1000111010 10001110101111
1000111011 10001110111100
1000111100 10001111000101
1000111101 10001111010110
1000111110 10001111100011
1000111111 10001111110000
1001000000 10010000001010
1001000001 10010000011001
1001000010 10010000101100
1001000011 10010000111111
1001000100 10010001000110
1001000101 10010001010101
1001000110 10010001100000
1001000111 10010001110011
1001001000 10010010000001
1001001001 10010010010010
1001001010 10010010100111
1001001011 10010010110100
1001001100 10010011001101
1001001101 10010011011110
1001001110 10010011101011
1001001111 10010011111000
1001010000 10010100001111
1001010001 10010100011100
1001010010 10010100101001
1001010011 10010100111010
1001010100 10010101000011
1001010101 10010101010000
1001010110 10010101100101
1001010111 10010101110110
1001011000 10010110000100
1001011001 10010110010111
1001011010 10010110100010
1001011011 10010110110001
1001011100 10010111001000
1001011101 10010111011011
1001011110 10010111101110
1001011111 10010111111101
1001100000 10011000000000
1001100001 10011000010011
1001100010 10011000100110
1001100011 10011000110101
1001100100 10011001001100
1001100101 10011001011111
1001100110 10011001101010
1001100111 10011001111001
1001101000 10011010001011
1001101001 10011010011000
1001101010 10011010101101
1001101011 10011010111110
1001101100 10011011000111
1001101101 10011011010100
1001101110 10011011100001
1001101111 10011011110010
1001110000 10011100000101
1001110001 10011100010110
1001110010 10011100100011
1001110011 10011100110000
1001110100 10011101001001
1001110101 10011101011010
1001110110 10011101101111
1001110111 10011101111100
1001111000 10011110001110
1001111001 10011110011101
1001111010 10011110101000
1001111011 10011110111011
1001111100 10011111000010
1001111101 10011111010001
1001111110 10011111100100
1001111111 10011111110111
1010000000 10100000000011
1010000001 10100000010000
1010000010 10100000100101
1010000011 10100000110110
1010000100 10100001001111
1010000101 10100001011100
1010000110 10100001101001
1010000111 10100001111010
1010001000 10100010001000
1010001001 10100010011011
1010001010 10100010101110
1010001011 10100010111101
1010001100 10100011000100
1010001101 10100011010111
1010001110 10100011100010
1010001111 10100011110001
1010010000 10100100000110
1010010001 10100100010101
1010010010 10100100100000
1010010011 10100100110011
1010010100 10100101001010
1010010101 10100101011001
1010010110 10100101101100
1010010111 10100101111111
1010011000 10100110001101
1010011001 10100110011110
1010011010 10100110101011
1010011011 10100110111000
1010011100 10100111000001
1010011101 10100111010010
1010011110 10100111100111
1010011111 10100111110100
1010100000 10101000001001
1010100001 10101000011010
1010100010 10101000101111
1010100011 10101000111100
1010100100 10101001000101
1010100101 10101001010110
1010100110 10101001100011
1010100111 10101001110000
1010101000 10101010000010
1010101001 10101010010001
1010101010 10101010100100
1010101011 10101010110111
1010101100 10101011001110
1010101101 10101011011101
1010101110 10101011101000
1010101111 10101011111011
1010110000 10101100001100
1010110001 10101100011111
1010110010 10101100101010
1010110011 10101100111001
1010110100 10101101000000
1010110101 10101101010011
1010110110 10101101100110
1010110111 10101101110101
1010111000 10101110000111
1010111001 10101110010100
1010111010 10101110100001
1010111011 10101110110010
1010111100 10101111001011
1010111101 10101111011000
1010111110 10101111101101
1010111111 10101111111110
1011000000 10110000000100
1011000001 10110000010111
1011000010 10110000100010
1011000011 10110000110001
1011000100 10110001001000
1011000101 10110001011011
1011000110 10110001101110
1011000111 10110001111101
1011001000 10110010001111
1011001001 10110010011100
1011001010 10110010101001
1011001011 10110010111010
1011001100 10110011000011
1011001101 10110011010000
1011001110 10110011100101
1011001111 10110011110110
1011010000 10110100000001
1011010001 10110100010010
1011010010 10110100100111
1011010011 10110100110100
1011010100 10110101001101
1011010101 10110101011110
1011010110 10110101101011
1011010111 10110101111000
1011011000 10110110001010
1011011001 10110110011001
1011011010 10110110101100
1011011011 10110110111111
1011011100 10110111000110
1011011101 10110111010101
1011011110 10110111100000
1011011111 10110111110011
1011100000 10111000001110
1011100001 10111000011101
1011100010 10111000101000
1011100011 10111000111011
1011100100 10111001000010
1011100101 10111001010001
1011100110 10111001100100
1011100111 10111001110111
1011101000 10111010000101
1011101001 10111010010110
1011101010 10111010100011
1011101011 10111010110000
1011101100 10111011001001
1011101101 10111011011010
1011101110 10111011101111
1011101111 10111011111100
1011110000 10111100001011
1011110001 10111100011000
1011110010 10111100101101
1011110011 10111100111110
1011110100 10111101000111
1011110101 10111101010100
1011110110 10111101100001
1011110111 10111101110010
1011111000 10111110000000
1011111001 10111110010011
1011111010 10111110100110
1011111011 10111110110101
1011111100 10111111001100
1011111101 10111111011111
1011111110 10111111101010
1011111111 10111111111001
1100000000 11000000000010
1100000001 11000000010001
1100000010 11000000100100
1100000011 11000000110111
1100000100 11000001001110
1100000101 11000001011101
1100000110 11000001101000
1100000111 11000001111011
1100001000 11000010001001
1100001001 11000010011010
1100001010 11000010101111
1100001011 11000010111100
1100001100 11000011000101
1100001101 11000011010110
1100001110 11000011100011
1100001111 11000011110000
1100010000 11000100000111
1100010001 11000100010100
1100010010 11000100100001
1100010011 11000100110010
1100010100 11000101001011
1100010101 11000101011000
1100010110 11000101101101
1100010111 11000101111110
1100011000 11000110001100
1100011001 11000110011111
1100011010 11000110101010
1100011011 11000110111001
1100011100 11000111000000
1100011101 11000111010011
1100011110 11000111100110
1100011111 11000111110101
1100100000 11001000001000
1100100001 11001000011011
1100100010 11001000101110
1100100011 11001000111101
1100100100 11001001000100
1100100101 11001001010111
1100100110 11001001100010
1100100111 11001001110001
1100101000 11001010000011
1100101001 11001010010000
1100101010 11001010100101
1100101011 11001010110110
1100101100 11001011001111
1100101101 11001011011100
1100101110 11001011101001
1100101111 11001011111010
1100110000 11001100001101
1100110001 11001100011110
1100110010 11001100101011
1100110011 11001100111000
1100110100 11001101000001
1100110101 11001101010010
1100110110 11001101100111
1100110111 11001101110100
1100111000 11001110000110
1100111001 11001110010101
1100111010 11001110100000
1100111011 11001110110011
1100111100 11001111001010
1100111101 11001111011001
1100111110 11001111101100
1100111111 11001111111111
1101000000 11010000000101
1101000001 11010000010110
1101000010 11010000100011
1101000011 11010000110000
1101000100 11010001001001
1101000101 11010001011010
1101000110 11010001101111
1101000111 11010001111100
1101001000 11010010001110
1101001001 11010010011101
1101001010 11010010101000
1101001011 11010010111011
1101001100 11010011000010
1101001101 11010011010001
1101001110 11010011100100
1101001111 11010011110111
1101010000 11010100000000
1101010001 11010100010011
1101010010 11010100100110
1101010011 11010100110101
1101010100 11010101001100
1101010101 11010101011111
1101010110 11010101101010
1101010111 11010101111001
1101011000 11010110001011
1101011001 11010110011000
1101011010 11010110101101
1101011011 11010110111110
1101011100 11010111000111
1101011101 11010111010100
1101011110 11010111100001
1101011111 11010111110010
1101100000 11011000001111
1101100001 11011000011100
1101100010 11011000101001
1101100011 11011000111010
1101100100 11011001000011
1101100101 11011001010000
1101100110 11011001100101
1101100111 11011001110110
1101101000 11011010000100
1101101001 11011010010111
1101101010 11011010100010
1101101011 11011010110001
1101101100 11011011001000
1101101101 11011011011011
1101101110 11011011101110
1101101111 11011011111101
1101110000 11011100001010
1101110001 11011100011001
1101110010 11011100101100
1101110011 11011100111111
1101110100 11011101000110
1101110101 11011101010101
1101110110 11011101100000
1101110111 11011101110011
1101111000 11011110000001
1101111001 11011110010010
1101111010 11011110100111
1101111011 11011110110100
1101111100 11011111001101
1101111101 11011111011110
1101111110 11011111101011
1101111111 11011111111000
1110000000 11100000001100
1110000001 11100000011111
1110000010 11100000101010
1110000011 11100000111001
1110000100 11100001000000
1110000101 11100001010011
1110000110 11100001100110
1110000111 11100001110101
1110001000 11100010000111
1110001001 11100010010100
1110001010 11100010100001
1110001011 11100010110010
1110001100 11100011001011
1110001101 11100011011000
1110001110 11100011101101
1110001111 11100011111110
1110010000 11100100001001
1110010001 11100100011010
1110010010 11100100101111
1110010011 11100100111100
1110010100 11100101000101
1110010101 11100101010110
1110010110 11100101100011
1110010111 11100101110000
1110011000 11100110000010
1110011001 11100110010001
1110011010 11100110100100
1110011011 11100110110111
1110011100 11100111001110
1110011101 11100111011101
1110011110 11100111101000
1110011111 11100111111011
1110100000 11101000000110
1110100001 11101000010101
1110100010 11101000100000
1110100011 11101000110011
1110100100 11101001001010
1110100101 11101001011001
1110100110 11101001101100
1110100111 11101001111111
1110101000 11101010001101
1110101001 11101010011110
1110101010 11101010101011
1110101011 11101010111000
1110101100 11101011000001
1110101101 11101011010010
1110101110 11101011100111
1110101111 11101011110100
1110110000 11101100000011
1110110001 11101100010000
1110110010 11101100100101
1110110011 11101100110110
1110110100 11101101001111
1110110101 11101101011100
1110110110 11101101101001
1110110111 11101101111010
1110111000 11101110001000
1110111001 11101110011011
1110111010 11101110101110
1110111011 11101110111101
1110111100 11101111000100
1110111101 11101111010111
1110111110 11101111100010
1110111111 11101111110001
1111000000 11110000001011
1111000001 11110000011000
1111000010 11110000101101
1111000011 11110000111110
1111000100 11110001000111
1111000101 11110001010100
1111000110 11110001100001
1111000111 11110001110010
1111001000 11110010000000
1111001001 11110010010011
1111001010 11110010100110
1111001011 11110010110101
1111001100 11110011001100
1111001101 11110011011111
1111001110 11110011101010
1111001111 11110011111001
1111010000 11110100001110
1111010001 11110100011101
1111010010 11110100101000
1111010011 11110100111011
1111010100 11110101000010
1111010101 11110101010001
1111010110 11110101100100
1111010111 11110101110111
1111011000 11110110000101
1111011001 11110110010110
1111011010 11110110100011
1111011011 11110110110000
1111011100 11110111001001
1111011101 11110111011010
1111011110 11110111101111
1111011111 11110111111100
1111100000 11111000000001
1111100001 11111000010010
1111100010 11111000100111
1111100011 11111000110100
1111100100 11111001001101
1111100101 11111001011110
1111100110 11111001101011
1111100111 11111001111000
1111101000 11111010001010
1111101001 11111010011001
1111101010 11111010101100
1111101011 11111010111111
1111101100 11111011000110
1111101101 11111011010101
1111101110 11111011100000
1111101111 11111011110011
1111110000 11111100000100
1111110001 11111100010111
1111110010 11111100100010
1111110011 11111100110001
1111110100 11111101001000
1111110101 11111101011011
1111110110 11111101101110
1111110111 11111101111101
1111111000 11111110001111
1111111001 11111110011100
1111111010 11111110101001
1111111011 11111110111010
1111111100 11111111000011
1111111101 11111111010000
1111111110 11111111100101
1111111111 11111111110110
