0 1111
1 1111
00 10101
01 10101
10 10101
11 10101
000 1011
001 1011
010 1011
011 1011
100 1011
101 1011
110 1011
111 1011
0000 1111
0001 1111
0010 1111
0011 1111
0100 1111
0101 1111
0110 1111
0111 1111
1000 1111
1001 1111
1010 1111
1011 1111
1100 1111
1101 1111
1110 1111
1111 1111
00000 11111
00001 11111
00010 11111
00011 11111
00100 11111
00101 11111
00110 11111
00111 11111
01000 11111
01001 11111
01010 11111
01011 11111
01100 11111
01101 11111
01110 11111
01111 11111
10000 11111
10001 11111
10010 11111
10011 11111
10100 11111
10101 11111
10110 11111
10111 11111
11000 11111
11001 11111
11010 11111
11011 11111
11100 11111
11101 11111
11110 11111
11111 11111
0000000 10101
0000001 10101
0000010 10101
0000011 10101
0000100 10101
0000101 10101
0000110 10101
0000111 10101
0001000 10101
0001001 10101
0001010 10101
0001011 10101
0001100 10101
0001101 10101
0001110 10101
0001111 10101
0010000 10101
0010001 10101
0010010 10101
0010011 10101
0010100 10101
0010101 10101
0010110 10101
0010111 10101
0011000 10101
0011001 10101
0011010 10101
0011011 10101
0011100 10101
0011101 10101
0011110 10101
0011111 10101
0100000 10101
0100001 10101
0100010 10101
0100011 10101
0100100 10101
0100101 10101
0100110 10101
0100111 10101
0101000 10101
0101001 10101
0101010 10101
0101011 10101
0101100 10101
0101101 10101
0101110 10101
0101111 10101
0110000 10101
0110001 10101
0110010 10101
0110011 10101
0110100 10101
0110101 10101
0110110 10101
0110111 10101
0111000 10101
0111001 10101
0111010 10101
0111011 10101
0111100 10101
0111101 10101
0111110 10101
0111111 10101
1000000 10101
1000001 10101
1000010 10101
1000011 10101
1000100 10101
1000101 10101
1000110 10101
1000111 10101
1001000 10101
1001001 10101
1001010 10101
1001011 10101
1001100 10101
1001101 10101
1001110 10101
1001111 10101
1010000 10101
1010001 10101
1010010 10101
1010011 10101
1010100 10101
1010101 10101
1010110 10101
1010111 10101
1011000 10101
1011001 10101
1011010 10101
1011011 10101
1011100 10101
1011101 10101
1011110 10101
1011111 10101
1100000 10101
1100001 10101
1100010 10101
1100011 10101
1100100 10101
1100101 10101
1100110 10101
1100111 10101
1101000 10101
1101001 10101
1101010 10101
1101011 10101
1101100 10101
1101101 10101
1101110 10101
1101111 10101
1110000 10101
1110001 10101
1110010 10101
1110011 10101
1110100 10101
1110101 10101
1110110 10101
1110111 10101
1111000 10101
1111001 10101
1111010 10101
1111011 10101
1111100 10101
1111101 10101
1111110 10101
1111111 10101
000000000 10111
000000001 10111
000000010 10111
000000011 10111
000000100 10111
000000101 10111
000000110 10111
000000111 10111
000001000 10111
000001001 10111
000001010 10111
000001011 10111
000001100 10111
000001101 10111
000001110 10111
000001111 10111
000010000 10111
000010001 10111
000010010 10111
000010011 10111
000010100 10111
000010101 10111
000010110 10111
000010111 10111
000011000 10111
000011001 10111
000011010 10111
000011011 10111
000011100 10111
000011101 10111
000011110 10111
000011111 10111
000100000 10111
000100001 10111
000100010 10111
000100011 10111
000100100 10111
000100101 10111
000100110 10111
000100111 10111
000101000 10111
000101001 10111
000101010 10111
000101011 10111
000101100 10111
000101101 10111
000101110 10111
000101111 10111
000110000 10111
000110001 10111
000110010 10111
000110011 10111
000110100 10111
000110101 10111
000110110 10111
000110111 10111
000111000 10111
000111001 10111
000111010 10111
000111011 10111
000111100 10111
000111101 10111
000111110 10111
000111111 10111
001000000 10111
001000001 10111
001000010 10111
001000011 10111
001000100 10111
001000101 10111
001000110 10111
001000111 10111
001001000 10111
001001001 10111
001001010 10111
001001011 10111
001001100 10111
001001101 10111
001001110 10111
001001111 10111
001010000 10111
001010001 10111
001010010 10111
001010011 10111
001010100 10111
001010101 10111
001010110 10111
001010111 10111
001011000 10111
001011001 10111
001011010 10111
001011011 10111
001011100 10111
001011101 10111
001011110 10111
001011111 10111
001100000 10111
001100001 10111
001100010 10111
001100011 10111
001100100 10111
001100101 10111
001100110 10111
001100111 10111
001101000 10111
001101001 10111
001101010 10111
001101011 10111
001101100 10111
001101101 10111
001101110 10111
001101111 10111
001110000 10111
001110001 10111
001110010 10111
001110011 10111
001110100 10111
001110101 10111
001110110 10111
001110111 10111
001111000 10111
001111001 10111
001111010 10111
001111011 10111
001111100 10111
001111101 10111
001111110 10111
001111111 10111
010000000 10111
010000001 10111
010000010 10111
010000011 10111
010000100 10111
010000101 10111
010000110 10111
010000111 10111
010001000 10111
010001001 10111
010001010 10111
010001011 10111
010001100 10111
010001101 10111
010001110 10111
010001111 10111
010010000 10111
010010001 10111
010010010 10111
010010011 10111
010010100 10111
010010101 10111
010010110 10111
010010111 10111
010011000 10111
010011001 10111
010011010 10111
010011011 10111
010011100 10111
010011101 10111
010011110 10111
010011111 10111
010100000 10111
010100001 10111
010100010 10111
010100011 10111
010100100 10111
010100101 10111
010100110 10111
010100111 10111
010101000 10111
010101001 10111
010101010 10111
010101011 10111
010101100 10111
010101101 10111
010101110 10111
010101111 10111
010110000 10111
010110001 10111
010110010 10111
010110011 10111
010110100 10111
010110101 10111
010110110 10111
010110111 10111
010111000 10111
010111001 10111
010111010 10111
010111011 10111
010111100 10111
010111101 10111
010111110 10111
010111111 10111
011000000 10111
011000001 10111
011000010 10111
011000011 10111
011000100 10111
011000101 10111
011000110 10111
011000111 10111
011001000 10111
011001001 10111
011001010 10111
011001011 10111
011001100 10111
011001101 10111
011001110 10111
011001111 10111
011010000 10111
011010001 10111
011010010 10111
011010011 10111
011010100 10111
011010101 10111
011010110 10111
011010111 10111
011011000 10111
011011001 10111
011011010 10111
011011011 10111
011011100 10111
011011101 10111
011011110 10111
011011111 10111
011100000 10111
011100001 10111
011100010 10111
011100011 10111
011100100 10111
011100101 10111
011100110 10111
011100111 10111
011101000 10111
011101001 10111
011101010 10111
011101011 10111
011101100 10111
011101101 10111
011101110 10111
011101111 10111
011110000 10111
011110001 10111
011110010 10111
011110011 10111
011110100 10111
011110101 10111
011110110 10111
011110111 10111
011111000 10111
011111001 10111
011111010 10111
011111011 10111
011111100 10111
011111101 10111
011111110 10111
011111111 10111
100000000 10111
100000001 10111
100000010 10111
100000011 10111
100000100 10111
100000101 10111
100000110 10111
100000111 10111
100001000 10111
100001001 10111
100001010 10111
100001011 10111
100001100 10111
100001101 10111
100001110 10111
100001111 10111
100010000 10111
100010001 10111
100010010 10111
100010011 10111
100010100 10111
100010101 10111
100010110 10111
100010111 10111
100011000 10111
100011001 10111
100011010 10111
100011011 10111
100011100 10111
100011101 10111
100011110 10111
100011111 10111
100100000 10111
100100001 10111
100100010 10111
100100011 10111
100100100 10111
100100101 10111
100100110 10111
100100111 10111
100101000 10111
100101001 10111
100101010 10111
100101011 10111
100101100 10111
100101101 10111
100101110 10111
100101111 10111
100110000 10111
100110001 10111
100110010 10111
100110011 10111
100110100 10111
100110101 10111
100110110 10111
100110111 10111
100111000 10111
100111001 10111
100111010 10111
100111011 10111
100111100 10111
100111101 10111
100111110 10111
100111111 10111
101000000 10111
101000001 10111
101000010 10111
101000011 10111
101000100 10111
101000101 10111
101000110 10111
101000111 10111
101001000 10111
101001001 10111
101001010 10111
101001011 10111
101001100 10111
101001101 10111
101001110 10111
101001111 10111
101010000 10111
101010001 10111
101010010 10111
101010011 10111
101010100 10111
101010101 10111
101010110 10111
101010111 10111
101011000 10111
101011001 10111
101011010 10111
101011011 10111
101011100 10111
101011101 10111
101011110 10111
101011111 10111
101100000 10111
101100001 10111
101100010 10111
101100011 10111
101100100 10111
101100101 10111
101100110 10111
101100111 10111
101101000 10111
101101001 10111
101101010 10111
101101011 10111
101101100 10111
101101101 10111
101101110 10111
101101111 10111
101110000 10111
101110001 10111
101110010 10111
101110011 10111
101110100 10111
101110101 10111
101110110 10111
101110111 10111
101111000 10111
101111001 10111
101111010 10111
101111011 10111
101111100 10111
101111101 10111
101111110 10111
101111111 10111
110000000 10111
110000001 10111
110000010 10111
110000011 10111
110000100 10111
110000101 10111
110000110 10111
110000111 10111
110001000 10111
110001001 10111
110001010 10111
110001011 10111
110001100 10111
110001101 10111
110001110 10111
110001111 10111
110010000 10111
110010001 10111
110010010 10111
110010011 10111
110010100 10111
110010101 10111
110010110 10111
110010111 10111
110011000 10111
110011001 10111
110011010 10111
110011011 10111
110011100 10111
110011101 10111
110011110 10111
110011111 10111
110100000 10111
110100001 10111
110100010 10111
110100011 10111
110100100 10111
110100101 10111
110100110 10111
110100111 10111
110101000 10111
110101001 10111
110101010 10111
110101011 10111
110101100 10111
110101101 10111
110101110 10111
110101111 10111
110110000 10111
110110001 10111
110110010 10111
110110011 10111
110110100 10111
110110101 10111
110110110 10111
110110111 10111
110111000 10111
110111001 10111
110111010 10111
110111011 10111
110111100 10111
110111101 10111
110111110 10111
110111111 10111
111000000 10111
111000001 10111
111000010 10111
111000011 10111
111000100 10111
111000101 10111
111000110 10111
111000111 10111
111001000 10111
111001001 10111
111001010 10111
111001011 10111
111001100 10111
111001101 10111
111001110 10111
111001111 10111
111010000 10111
111010001 10111
111010010 10111
111010011 10111
111010100 10111
111010101 10111
111010110 10111
111010111 10111
111011000 10111
111011001 10111
111011010 10111
111011011 10111
111011100 10111
111011101 10111
111011110 10111
111011111 10111
111100000 10111
111100001 10111
111100010 10111
111100011 10111
111100100 10111
111100101 10111
111100110 10111
111100111 10111
111101000 10111
111101001 10111
111101010 10111
111101011 10111
111101100 10111
111101101 10111
111101110 10111
111101111 10111
111110000 10111
111110001 10111
111110010 10111
111110011 10111
111110100 10111
111110101 10111
111110110 10111
111110111 10111
111111000 10111
111111001 10111
111111010 10111
111111011 10111
111111100 10111
111111101 10111
111111110 10111
111111111 10111
0000000000 10011
0000000001 10011
0000000010 10011
0000000011 10011
0000000100 10011
0000000101 10011
0000000110 10011
0000000111 10011
0000001000 10011
0000001001 10011
0000001010 10011
0000001011 10011
0000001100 10011
0000001101 10011
0000001110 10011
0000001111 10011
0000010000 10011
0000010001 10011
0000010010 10011
0000010011 10011
0000010100 10011
0000010101 10011
0000010110 10011
0000010111 10011
0000011000 10011
0000011001 10011
0000011010 10011
0000011011 10011
0000011100 10011
0000011101 10011
0000011110 10011
0000011111 10011
0000100000 10011
0000100001 10011
0000100010 10011
0000100011 10011
0000100100 10011
0000100101 10011
0000100110 10011
0000100111 10011
0000101000 10011
0000101001 10011
0000101010 10011
0000101011 10011
0000101100 10011
0000101101 10011
0000101110 10011
0000101111 10011
0000110000 10011
0000110001 10011
0000110010 10011
0000110011 10011
0000110100 10011
0000110101 10011
0000110110 10011
0000110111 10011
0000111000 10011
0000111001 10011
0000111010 10011
0000111011 10011
0000111100 10011
0000111101 10011
0000111110 10011
0000111111 10011
0001000000 10011
0001000001 10011
0001000010 10011
0001000011 10011
0001000100 10011
0001000101 10011
0001000110 10011
0001000111 10011
0001001000 10011
0001001001 10011
0001001010 10011
0001001011 10011
0001001100 10011
0001001101 10011
0001001110 10011
0001001111 10011
0001010000 10011
0001010001 10011
0001010010 10011
0001010011 10011
0001010100 10011
0001010101 10011
0001010110 10011
0001010111 10011
0001011000 10011
0001011001 10011
0001011010 10011
0001011011 10011
0001011100 10011
0001011101 10011
0001011110 10011
0001011111 10011
0001100000 10011
0001100001 10011
0001100010 10011
0001100011 10011
0001100100 10011
0001100101 10011
0001100110 10011
0001100111 10011
0001101000 10011
0001101001 10011
0001101010 10011
0001101011 10011
0001101100 10011
0001101101 10011
0001101110 10011
0001101111 10011
0001110000 10011
0001110001 10011
0001110010 10011
0001110011 10011
0001110100 10011
0001110101 10011
0001110110 10011
0001110111 10011
0001111000 10011
0001111001 10011
0001111010 10011
0001111011 10011
0001111100 10011
0001111101 10011
0001111110 10011
0001111111 10011
0010000000 10011
0010000001 10011
0010000010 10011
0010000011 10011
0010000100 10011
0010000101 10011
0010000110 10011
0010000111 10011
0010001000 10011
0010001001 10011
0010001010 10011
0010001011 10011
0010001100 10011
0010001101 10011
0010001110 10011
0010001111 10011
0010010000 10011
0010010001 10011
0010010010 10011
0010010011 10011
0010010100 10011
0010010101 10011
0010010110 10011
0010010111 10011
0010011000 10011
0010011001 10011
0010011010 10011
0010011011 10011
0010011100 10011
0010011101 10011
0010011110 10011
0010011111 10011
0010100000 10011
0010100001 10011
0010100010 10011
0010100011 10011
0010100100 10011
0010100101 10011
0010100110 10011
0010100111 10011
0010101000 10011
0010101001 10011
0010101010 10011
0010101011 10011
0010101100 10011
0010101101 10011
0010101110 10011
0010101111 10011
0010110000 10011
0010110001 10011
0010110010 10011
0010110011 10011
0010110100 10011
0010110101 10011
0010110110 10011
0010110111 10011
0010111000 10011
0010111001 10011
0010111010 10011
0010111011 10011
0010111100 10011
0010111101 10011
0010111110 10011
0010111111 10011
0011000000 10011
0011000001 10011
0011000010 10011
0011000011 10011
0011000100 10011
0011000101 10011
0011000110 10011
0011000111 10011
0011001000 10011
0011001001 10011
0011001010 10011
0011001011 10011
0011001100 10011
0011001101 10011
0011001110 10011
0011001111 10011
0011010000 10011
0011010001 10011
0011010010 10011
0011010011 10011
0011010100 10011
0011010101 10011
0011010110 10011
0011010111 10011
0011011000 10011
0011011001 10011
0011011010 10011
0011011011 10011
0011011100 10011
0011011101 10011
0011011110 10011
0011011111 10011
0011100000 10011
0011100001 10011
0011100010 10011
0011100011 10011
0011100100 10011
0011100101 10011
0011100110 10011
0011100111 10011
0011101000 10011
0011101001 10011
0011101010 10011
0011101011 10011
0011101100 10011
0011101101 10011
0011101110 10011
0011101111 10011
0011110000 10011
0011110001 10011
0011110010 10011
0011110011 10011
0011110100 10011
0011110101 10011
0011110110 10011
0011110111 10011
0011111000 10011
0011111001 10011
0011111010 10011
0011111011 10011
0011111100 10011
0011111101 10011
0011111110 10011
0011111111 10011
0100000000 10011
0100000001 10011
0100000010 10011
0100000011 10011
0100000100 10011
0100000101 10011
0100000110 10011
0100000111 10011
0100001000 10011
0100001001 10011
0100001010 10011
0100001011 10011
0100001100 10011
0100001101 10011
0100001110 10011
0100001111 10011
0100010000 10011
0100010001 10011
0100010010 10011
0100010011 10011
0100010100 10011
0100010101 10011
0100010110 10011
0100010111 10011
0100011000 10011
0100011001 10011
0100011010 10011
0100011011 10011
0100011100 10011
0100011101 10011
0100011110 10011
0100011111 10011
0100100000 10011
0100100001 10011
0100100010 10011
0100100011 10011
0100100100 10011
0100100101 10011
0100100110 10011
0100100111 10011
0100101000 10011
0100101001 10011
0100101010 10011
0100101011 10011
0100101100 10011
0100101101 10011
0100101110 10011
0100101111 10011
0100110000 10011
0100110001 10011
0100110010 10011
0100110011 10011
0100110100 10011
0100110101 10011
0100110110 10011
0100110111 10011
0100111000 10011
0100111001 10011
0100111010 10011
0100111011 10011
0100111100 10011
0100111101 10011
0100111110 10011
0100111111 10011
0101000000 10011
0101000001 10011
0101000010 10011
0101000011 10011
0101000100 10011
0101000101 10011
0101000110 10011
0101000111 10011
0101001000 10011
0101001001 10011
0101001010 10011
0101001011 10011
0101001100 10011
0101001101 10011
0101001110 10011
0101001111 10011
0101010000 10011
0101010001 10011
0101010010 10011
0101010011 10011
0101010100 10011
0101010101 10011
0101010110 10011
0101010111 10011
0101011000 10011
0101011001 10011
0101011010 10011
0101011011 10011
0101011100 10011
0101011101 10011
0101011110 10011
0101011111 10011
0101100000 10011
0101100001 10011
0101100010 10011
0101100011 10011
0101100100 10011
0101100101 10011
0101100110 10011
0101100111 10011
0101101000 10011
0101101001 10011
0101101010 10011
0101101011 10011
0101101100 10011
0101101101 10011
0101101110 10011
0101101111 10011
0101110000 10011
0101110001 10011
0101110010 10011
0101110011 10011
0101110100 10011
0101110101 10011
0101110110 10011
0101110111 10011
0101111000 10011
0101111001 10011
0101111010 10011
0101111011 10011
0101111100 10011
0101111101 10011
0101111110 10011
0101111111 10011
0110000000 10011
0110000001 10011
0110000010 10011
0110000011 10011
0110000100 10011
0110000101 10011
0110000110 10011
0110000111 10011
0110001000 10011
0110001001 10011
0110001010 10011
0110001011 10011
0110001100 10011
0110001101 10011
0110001110 10011
0110001111 10011
0110010000 10011
0110010001 10011
0110010010 10011
0110010011 10011
0110010100 10011
0110010101 10011
0110010110 10011
0110010111 10011
0110011000 10011
0110011001 10011
0110011010 10011
0110011011 10011
0110011100 10011
0110011101 10011
0110011110 10011
0110011111 10011
0110100000 10011
0110100001 10011
0110100010 10011
0110100011 10011
0110100100 10011
0110100101 10011
0110100110 10011
0110100111 10011
0110101000 10011
0110101001 10011
0110101010 10011
0110101011 10011
0110101100 10011
0110101101 10011
0110101110 10011
0110101111 10011
0110110000 10011
0110110001 10011
0110110010 10011
0110110011 10011
0110110100 10011
0110110101 10011
0110110110 10011
0110110111 10011
0110111000 10011
0110111001 10011
0110111010 10011
0110111011 10011
0110111100 10011
0110111101 10011
0110111110 10011
0110111111 10011
0111000000 10011
0111000001 10011
0111000010 10011
0111000011 10011
0111000100 10011
0111000101 10011
0111000110 10011
0111000111 10011
0111001000 10011
0111001001 10011
0111001010 10011
0111001011 10011
0111001100 10011
0111001101 10011
0111001110 10011
0111001111 10011
0111010000 10011
0111010001 10011
0111010010 10011
0111010011 10011
0111010100 10011
0111010101 10011
0111010110 10011
0111010111 10011
0111011000 10011
0111011001 10011
0111011010 10011
0111011011 10011
0111011100 10011
0111011101 10011
0111011110 10011
0111011111 10011
0111100000 10011
0111100001 10011
0111100010 10011
0111100011 10011
0111100100 10011
0111100101 10011
0111100110 10011
0111100111 10011
0111101000 10011
0111101001 10011
0111101010 10011
0111101011 10011
0111101100 10011
0111101101 10011
0111101110 10011
0111101111 10011
0111110000 10011
0111110001 10011
0111110010 10011
0111110011 10011
0111110100 10011
0111110101 10011
0111110110 10011
0111110111 10011
0111111000 10011
0111111001 10011
0111111010 10011
0111111011 10011
0111111100 10011
0111111101 10011
0111111110 10011
0111111111 10011
1000000000 10011
1000000001 10011
1000000010 10011
1000000011 10011
1000000100 10011
1000000101 10011
1000000110 10011
1000000111 10011
1000001000 10011
1000001001 10011
1000001010 10011
1000001011 10011
1000001100 10011
1000001101 10011
1000001110 10011
1000001111 10011
1000010000 10011
1000010001 10011
1000010010 10011
1000010011 10011
1000010100 10011
1000010101 10011
1000010110 10011
1000010111 10011
1000011000 10011
1000011001 10011
1000011010 10011
1000011011 10011
1000011100 10011
1000011101 10011
1000011110 10011
1000011111 10011
1000100000 10011
1000100001 10011
1000100010 10011
1000100011 10011
1000100100 10011
1000100101 10011
1000100110 10011
1000100111 10011
1000101000 10011
1000101001 10011
1000101010 10011
1000101011 10011
1000101100 10011
1000101101 10011
1000101110 10011
1000101111 10011
1000110000 10011
1000110001 10011
1000110010 10011
1000110011 10011
1000110100 10011
1000110101 10011
1000110110 10011
1000110111 10011
1000111000 10011
1000111001 10011
1000111010 10011
1000111011 10011
1000111100 10011
1000111101 10011
1000111110 10011
1000111111 10011
1001000000 10011
1001000001 10011
1001000010 10011
1001000011 10011
1001000100 10011
1001000101 10011
1001000110 10011
1001000111 10011
1001001000 10011
1001001001 10011
1001001010 10011
1001001011 10011
1001001100 10011
1001001101 10011
1001001110 10011
1001001111 10011
1001010000 10011
1001010001 10011
1001010010 10011
1001010011 10011
1001010100 10011
1001010101 10011
1001010110 10011
1001010111 10011
1001011000 10011
1001011001 10011
1001011010 10011
1001011011 10011
1001011100 10011
1001011101 10011
1001011110 10011
1001011111 10011
1001100000 10011
1001100001 10011
1001100010 10011
1001100011 10011
1001100100 10011
1001100101 10011
1001100110 10011
1001100111 10011
1001101000 10011
1001101001 10011
1001101010 10011
1001101011 10011
1001101100 10011
1001101101 10011
1001101110 10011
1001101111 10011
1001110000 10011
1001110001 10011
1001110010 10011
1001110011 10011
1001110100 10011
1001110101 10011
1001110110 10011
1001110111 10011
1001111000 10011
1001111001 10011
1001111010 10011
1001111011 10011
1001111100 10011
1001111101 10011
1001111110 10011
1001111111 10011
1010000000 10011
1010000001 10011
1010000010 10011
1010000011 10011
1010000100 10011
1010000101 10011
1010000110 10011
1010000111 10011
1010001000 10011
1010001001 10011
1010001010 10011
1010001011 10011
1010001100 10011
1010001101 10011
1010001110 10011
1010001111 10011
1010010000 10011
1010010001 10011
1010010010 10011
1010010011 10011
1010010100 10011
1010010101 10011
1010010110 10011
1010010111 10011
1010011000 10011
1010011001 10011
1010011010 10011
1010011011 10011
1010011100 10011
1010011101 10011
1010011110 10011
1010011111 10011
1010100000 10011
1010100001 10011
1010100010 10011
1010100011 10011
1010100100 10011
1010100101 10011
1010100110 10011
1010100111 10011
1010101000 10011
1010101001 10011
1010101010 10011
1010101011 10011
1010101100 10011
1010101101 10011
1010101110 10011
1010101111 10011
1010110000 10011
1010110001 10011
1010110010 10011
1010110011 10011
1010110100 10011
1010110101 10011
1010110110 10011
1010110111 10011
1010111000 10011
1010111001 10011
1010111010 10011
1010111011 10011
1010111100 10011
1010111101 10011
1010111110 10011
1010111111 10011
1011000000 10011
1011000001 10011
1011000010 10011
1011000011 10011
1011000100 10011
1011000101 10011
1011000110 10011
1011000111 10011
1011001000 10011
1011001001 10011
1011001010 10011
1011001011 10011
1011001100 10011
1011001101 10011
1011001110 10011
1011001111 10011
1011010000 10011
1011010001 10011
1011010010 10011
1011010011 10011
1011010100 10011
1011010101 10011
1011010110 10011
1011010111 10011
1011011000 10011
1011011001 10011
1011011010 10011
1011011011 10011
1011011100 10011
1011011101 10011
1011011110 10011
1011011111 10011
1011100000 10011
1011100001 10011
1011100010 10011
1011100011 10011
1011100100 10011
1011100101 10011
1011100110 10011
1011100111 10011
1011101000 10011
1011101001 10011
1011101010 10011
1011101011 10011
1011101100 10011
1011101101 10011
1011101110 10011
1011101111 10011
1011110000 10011
1011110001 10011
1011110010 10011
1011110011 10011
1011110100 10011
1011110101 10011
1011110110 10011
1011110111 10011
1011111000 10011
1011111001 10011
1011111010 10011
1011111011 10011
1011111100 10011
1011111101 10011
1011111110 10011
1011111111 10011
1100000000 10011
1100000001 10011
1100000010 10011
1100000011 10011
1100000100 10011
1100000101 10011
1100000110 10011
1100000111 10011
1100001000 10011
1100001001 10011
1100001010 10011
1100001011 10011
1100001100 10011
1100001101 10011
1100001110 10011
1100001111 10011
1100010000 10011
1100010001 10011
1100010010 10011
1100010011 10011
1100010100 10011
1100010101 10011
1100010110 10011
1100010111 10011
1100011000 10011
1100011001 10011
1100011010 10011
1100011011 10011
1100011100 10011
1100011101 10011
1100011110 10011
1100011111 10011
1100100000 10011
1100100001 10011
1100100010 10011
1100100011 10011
1100100100 10011
1100100101 10011
1100100110 10011
1100100111 10011
1100101000 10011
1100101001 10011
1100101010 10011
1100101011 10011
1100101100 10011
1100101101 10011
1100101110 10011
1100101111 10011
1100110000 10011
1100110001 10011
1100110010 10011
1100110011 10011
1100110100 10011
1100110101 10011
1100110110 10011
1100110111 10011
1100111000 10011
1100111001 10011
1100111010 10011
1100111011 10011
1100111100 10011
1100111101 10011
1100111110 10011
1100111111 10011
1101000000 10011
1101000001 10011
1101000010 10011
1101000011 10011
1101000100 10011
1101000101 10011
1101000110 10011
1101000111 10011
1101001000 10011
1101001001 10011
1101001010 10011
1101001011 10011
1101001100 10011
1101001101 10011
1101001110 10011
1101001111 10011
1101010000 10011
1101010001 10011
1101010010 10011
1101010011 10011
1101010100 10011
1101010101 10011
1101010110 10011
1101010111 10011
1101011000 10011
1101011001 10011
1101011010 10011
1101011011 10011
1101011100 10011
1101011101 10011
1101011110 10011
1101011111 10011
1101100000 10011
1101100001 10011
1101100010 10011
1101100011 10011
1101100100 10011
1101100101 10011
1101100110 10011
1101100111 10011
1101101000 10011
1101101001 10011
1101101010 10011
1101101011 10011
1101101100 10011
1101101101 10011
1101101110 10011
1101101111 10011
1101110000 10011
1101110001 10011
1101110010 10011
1101110011 10011
1101110100 10011
1101110101 10011
1101110110 10011
1101110111 10011
1101111000 10011
1101111001 10011
1101111010 10011
1101111011 10011
1101111100 10011
1101111101 10011
1101111110 10011
1101111111 10011
1110000000 10011
1110000001 10011
1110000010 10011
1110000011 10011
1110000100 10011
1110000101 10011
1110000110 10011
1110000111 10011
1110001000 10011
1110001001 10011
1110001010 10011
1110001011 10011
1110001100 10011
1110001101 10011
1110001110 10011
1110001111 10011
1110010000 10011
1110010001 10011
1110010010 10011
1110010011 10011
1110010100 10011
1110010101 10011
1110010110 10011
1110010111 10011
1110011000 10011
1110011001 10011
1110011010 10011
1110011011 10011
1110011100 10011
1110011101 10011
1110011110 10011
1110011111 10011
1110100000 10011
1110100001 10011
1110100010 10011
1110100011 10011
1110100100 10011
1110100101 10011
1110100110 10011
1110100111 10011
1110101000 10011
1110101001 10011
1110101010 10011
1110101011 10011
1110101100 10011
1110101101 10011
1110101110 10011
1110101111 10011
1110110000 10011
1110110001 10011
1110110010 10011
1110110011 10011
1110110100 10011
1110110101 10011
1110110110 10011
1110110111 10011
1110111000 10011
1110111001 10011
1110111010 10011
1110111011 10011
1110111100 10011
1110111101 10011
1110111110 10011
1110111111 10011
1111000000 10011
1111000001 10011
1111000010 10011
1111000011 10011
1111000100 10011
1111000101 10011
1111000110 10011
1111000111 10011
1111001000 10011
1111001001 10011
1111001010 10011
1111001011 10011
1111001100 10011
1111001101 10011
1111001110 10011
1111001111 10011
1111010000 10011
1111010001 10011
1111010010 10011
1111010011 10011
1111010100 10011
1111010101 10011
1111010110 10011
1111010111 10011
1111011000 10011
1111011001 10011
1111011010 10011
1111011011 10011
1111011100 10011
1111011101 10011
1111011110 10011
1111011111 10011
1111100000 10011
1111100001 10011
1111100010 10011
1111100011 10011
1111100100 10011
1111100101 10011
1111100110 10011
1111100111 10011
1111101000 10011
1111101001 10011
1111101010 10011
1111101011 10011
1111101100 10011
1111101101 10011
1111101110 10011
1111101111 10011
1111110000 10011
1111110001 10011
1111110010 10011
1111110011 10011
1111110100 10011
1111110101 10011
1111110110 10011
1111110111 10011
1111111000 10011
1111111001 10011
1111111010 10011
1111111011 10011
1111111100 10011
1111111101 10011
1111111110 10011
1111111111 10011
