0 000
1 111
00 000000
01 010101
10 101010
11 111111
000 0000000
001 0010111
010 0101110
011 0111001
100 1001011
101 1011100
110 1100101
111 1110010
0000 0000000
0001 0001011
0010 0010110
0011 0011101
0100 0100111
0101 0101100
0110 0110001
0111 0111010
1000 1000101
1001 1001110
1010 1010011
1011 1011000
1100 1100010
1101 1101001
1110 1110100
1111 1111111
00000 00000000
00001 00001011
00010 00010110
00011 00011101
00100 00100111
00101 00101100
00110 00110001
00111 00111010
01000 01000101
01001 01001110
01010 01010011
01011 01011000
01100 01100010
01101 01101001
01110 01110100
01111 01111111
10000 10000001
10001 10001010
10010 10010111
10011 10011100
10100 10100110
10101 10101101
10110 10110000
10111 10111011
11000 11000100
11001 11001111
11010 11010010
11011 11011001
11100 11100011
11101 11101000
11110 11110101
11111 11111110
000000 0000000000
000001 0000011111
000010 0000100001
000011 0000111110
000100 0001000010
000101 0001011101
000110 0001100011
000111 0001111100
001000 0010000100
001001 0010011011
001010 0010100101
001011 0010111010
001100 0011000110
001101 0011011001
001110 0011100111
001111 0011111000
010000 0100001000
010001 0100010111
010010 0100101001
010011 0100110110
010100 0101001010
010101 0101010101
010110 0101101011
010111 0101110100
011000 0110001100
011001 0110010011
011010 0110101101
011011 0110110010
011100 0111001110
011101 0111010001
011110 0111101111
011111 0111110000
100000 1000001111
100001 1000010000
100010 1000101110
100011 1000110001
100100 1001001101
100101 1001010010
100110 1001101100
100111 1001110011
101000 1010001011
101001 1010010100
101010 1010101010
101011 1010110101
101100 1011001001
101101 1011010110
101110 1011101000
101111 1011110111
110000 1100000111
110001 1100011000
110010 1100100110
110011 1100111001
110100 1101000101
110101 1101011010
110110 1101100100
110111 1101111011
111000 1110000011
111001 1110011100
111010 1110100010
111011 1110111101
111100 1111000001
111101 1111011110
111110 1111100000
111111 1111111111
0000000 0000000000
0000001 0000001011
0000010 0000010110
0000011 0000011101
0000100 0000100111
0000101 0000101100
0000110 0000110001
0000111 0000111010
0001000 0001000101
0001001 0001001110
0001010 0001010011
0001011 0001011000
0001100 0001100010
0001101 0001101001
0001110 0001110100
0001111 0001111111
0010000 0010000001
0010001 0010001010
0010010 0010010111
0010011 0010011100
0010100 0010100110
0010101 0010101101
0010110 0010110000
0010111 0010111011
0011000 0011000100
0011001 0011001111
0011010 0011010010
0011011 0011011001
0011100 0011100011
0011101 0011101000
0011110 0011110101
0011111 0011111110
0100000 0100000010
0100001 0100001001
0100010 0100010100
0100011 0100011111
0100100 0100100101
0100101 0100101110
0100110 0100110011
0100111 0100111000
0101000 0101000111
0101001 0101001100
0101010 0101010001
0101011 0101011010
0101100 0101100000
0101101 0101101011
0101110 0101110110
0101111 0101111101
0110000 0110000011
0110001 0110001000
0110010 0110010101
0110011 0110011110
0110100 0110100100
0110101 0110101111
0110110 0110110010
0110111 0110111001
0111000 0111000110
0111001 0111001101
0111010 0111010000
0111011 0111011011
0111100 0111100001
0111101 0111101010
0111110 0111110111
0111111 0111111100
1000000 1000000100
1000001 1000001111
1000010 1000010010
1000011 1000011001
1000100 1000100011
1000101 1000101000
1000110 1000110101
1000111 1000111110
1001000 1001000001
1001001 1001001010
1001010 1001010111
1001011 1001011100
1001100 1001100110
1001101 1001101101
1001110 1001110000
1001111 1001111011
1010000 1010000101
1010001 1010001110
1010010 1010010011
1010011 1010011000
1010100 1010100010
1010101 1010101001
1010110 1010110100
1010111 1010111111
1011000 1011000000
1011001 1011001011
1011010 1011010110
1011011 1011011101
1011100 1011100111
1011101 1011101100
1011110 1011110001
1011111 1011111010
1100000 1100000110
1100001 1100001101
1100010 1100010000
1100011 1100011011
1100100 1100100001
1100101 1100101010
1100110 1100110111
1100111 1100111100
1101000 1101000011
1101001 1101001000
1101010 1101010101
1101011 1101011110
1101100 1101100100
1101101 1101101111
1101110 1101110010
1101111 1101111001
1110000 1110000111
1110001 1110001100
1110010 1110010001
1110011 1110011010
1110100 1110100000
1110101 1110101011
1110110 1110110110
1110111 1110111101
1111000 1111000010
1111001 1111001001
1111010 1111010100
1111011 1111011111
1111100 1111100101
1111101 1111101110
1111110 1111110011
1111111 1111111000
00000000 000000000000
00000001 000000010101
00000010 000000101010
00000011 000000111111
00000100 000001000001
00000101 000001010100
00000110 000001101011
00000111 000001111110
00001000 000010000010
00001001 000010010111
00001010 000010101000
00001011 000010111101
00001100 000011000011
00001101 000011010110
00001110 000011101001
00001111 000011111100
00010000 000100000100
00010001 000100010001
00010010 000100101110
00010011 000100111011
00010100 000101000101
00010101 000101010000
00010110 000101101111
00010111 000101111010
00011000 000110000110
00011001 000110010011
00011010 000110101100
00011011 000110111001
00011100 000111000111
00011101 000111010010
00011110 000111101101
00011111 000111111000
00100000 001000001000
00100001 001000011101
00100010 001000100010
00100011 001000110111
00100100 001001001001
00100101 001001011100
00100110 001001100011
00100111 001001110110
00101000 001010001010
00101001 001010011111
00101010 001010100000
00101011 001010110101
00101100 001011001011
00101101 001011011110
00101110 001011100001
00101111 001011110100
00110000 001100001100
00110001 001100011001
00110010 001100100110
00110011 001100110011
00110100 001101001101
00110101 001101011000
00110110 001101100111
00110111 001101110010
00111000 001110001110
00111001 001110011011
00111010 001110100100
00111011 001110110001
00111100 001111001111
00111101 001111011010
00111110 001111100101
00111111 001111110000
01000000 010000000101
01000001 010000010000
01000010 010000101111
01000011 010000111010
01000100 010001000100
01000101 010001010001
01000110 010001101110
01000111 010001111011
01001000 010010000111
01001001 010010010010
01001010 010010101101
01001011 010010111000
01001100 010011000110
01001101 010011010011
01001110 010011101100
01001111 010011111001
01010000 010100000001
01010001 010100010100
01010010 010100101011
01010011 010100111110
01010100 010101000000
01010101 010101010101
01010110 010101101010
01010111 010101111111
01011000 010110000011
01011001 010110010110
01011010 010110101001
01011011 010110111100
01011100 010111000010
01011101 010111010111
01011110 010111101000
01011111 010111111101
01100000 011000001101
01100001 011000011000
01100010 011000100111
01100011 011000110010
01100100 011001001100
01100101 011001011001
01100110 011001100110
01100111 011001110011
01101000 011010001111
01101001 011010011010
01101010 011010100101
01101011 011010110000
01101100 011011001110
01101101 011011011011
01101110 011011100100
01101111 011011110001
01110000 011100001001
01110001 011100011100
01110010 011100100011
01110011 011100110110
01110100 011101001000
01110101 011101011101
01110110 011101100010
01110111 011101110111
01111000 011110001011
01111001 011110011110
01111010 011110100001
01111011 011110110100
01111100 011111001010
01111101 011111011111
01111110 011111100000
01111111 011111110101
10000000 100000001010
10000001 100000011111
10000010 100000100000
10000011 100000110101
10000100 100001001011
10000101 100001011110
10000110 100001100001
10000111 100001110100
10001000 100010001000
10001001 100010011101
10001010 100010100010
10001011 100010110111
10001100 100011001001
10001101 100011011100
10001110 100011100011
10001111 100011110110
10010000 100100001110
10010001 100100011011
10010010 100100100100
10010011 100100110001
10010100 100101001111
10010101 100101011010
10010110 100101100101
10010111 100101110000
10011000 100110001100
10011001 100110011001
10011010 100110100110
10011011 100110110011
10011100 100111001101
10011101 100111011000
10011110 100111100111
10011111 100111110010
10100000 101000000010
10100001 101000010111
10100010 101000101000
10100011 101000111101
10100100 101001000011
10100101 101001010110
10100110 101001101001
10100111 101001111100
10101000 101010000000
10101001 101010010101
10101010 101010101010
10101011 101010111111
10101100 101011000001
10101101 101011010100
10101110 101011101011
10101111 101011111110
10110000 101100000110
10110001 101100010011
10110010 101100101100
10110011 101100111001
10110100 101101000111
10110101 101101010010
10110110 101101101101
10110111 101101111000
10111000 101110000100
10111001 101110010001
10111010 101110101110
10111011 101110111011
10111100 101111000101
10111101 101111010000
10111110 101111101111
10111111 101111111010
11000000 110000001111
11000001 110000011010
11000010 110000100101
11000011 110000110000
11000100 110001001110
11000101 110001011011
11000110 110001100100
11000111 110001110001
11001000 110010001101
11001001 110010011000
11001010 110010100111
11001011 110010110010
11001100 110011001100
11001101 110011011001
11001110 110011100110
11001111 110011110011
11010000 110100001011
11010001 110100011110
11010010 110100100001
11010011 110100110100
11010100 110101001010
11010101 110101011111
11010110 110101100000
11010111 110101110101
11011000 110110001001
11011001 110110011100
11011010 110110100011
11011011 110110110110
11011100 110111001000
11011101 110111011101
11011110 110111100010
11011111 110111110111
11100000 111000000111
11100001 111000010010
11100010 111000101101
11100011 111000111000
11100100 111001000110
11100101 111001010011
11100110 111001101100
11100111 111001111001
11101000 111010000101
11101001 111010010000
11101010 111010101111
11101011 111010111010
11101100 111011000100
11101101 111011010001
11101110 111011101110
11101111 111011111011
11110000 111100000011
11110001 111100010110
11110010 111100101001
11110011 111100111100
11110100 111101000010
11110101 111101010111
11110110 111101101000
11110111 111101111101
11111000 111110000001
11111001 111110010100
11111010 111110101011
11111011 111110111110
11111100 111111000000
11111101 111111010101
11111110 111111101010
11111111 111111111111
000000000 000000000000
000000001 000000001011
000000010 000000010110
000000011 000000011101
000000100 000000100111
000000101 000000101100
000000110 000000110001
000000111 000000111010
000001000 000001000101
000001001 000001001110
000001010 000001010011
000001011 000001011000
000001100 000001100010
000001101 000001101001
000001110 000001110100
000001111 000001111111
000010000 000010000001
000010001 000010001010
000010010 000010010111
000010011 000010011100
000010100 000010100110
000010101 000010101101
000010110 000010110000
000010111 000010111011
000011000 000011000100
000011001 000011001111
000011010 000011010010
000011011 000011011001
000011100 000011100011
000011101 000011101000
000011110 000011110101
000011111 000011111110
000100000 000100000010
000100001 000100001001
000100010 000100010100
000100011 000100011111
000100100 000100100101
000100101 000100101110
000100110 000100110011
000100111 000100111000
000101000 000101000111
000101001 000101001100
000101010 000101010001
000101011 000101011010
000101100 000101100000
000101101 000101101011
000101110 000101110110
000101111 000101111101
000110000 000110000011
000110001 000110001000
000110010 000110010101
000110011 000110011110
000110100 000110100100
000110101 000110101111
000110110 000110110010
000110111 000110111001
000111000 000111000110
000111001 000111001101
000111010 000111010000
000111011 000111011011
000111100 000111100001
000111101 000111101010
000111110 000111110111
000111111 000111111100
001000000 001000000100
001000001 001000001111
001000010 001000010010
001000011 001000011001
001000100 001000100011
001000101 001000101000
001000110 001000110101
001000111 001000111110
001001000 001001000001
001001001 001001001010
001001010 001001010111
001001011 001001011100
001001100 001001100110
001001101 001001101101
001001110 001001110000
001001111 001001111011
001010000 001010000101
001010001 001010001110
001010010 001010010011
001010011 001010011000
001010100 001010100010
001010101 001010101001
001010110 001010110100
001010111 001010111111
001011000 001011000000
001011001 001011001011
001011010 001011010110
001011011 001011011101
001011100 001011100111
001011101 001011101100
001011110 001011110001
001011111 001011111010
001100000 001100000110
001100001 001100001101
001100010 001100010000
001100011 001100011011
001100100 001100100001
001100101 001100101010
001100110 001100110111
001100111 001100111100
001101000 001101000011
001101001 001101001000
001101010 001101010101
001101011 001101011110
001101100 001101100100
001101101 001101101111
001101110 001101110010
001101111 001101111001
001110000 001110000111
001110001 001110001100
001110010 001110010001
001110011 001110011010
001110100 001110100000
001110101 001110101011
001110110 001110110110
001110111 001110111101
001111000 001111000010
001111001 001111001001
001111010 001111010100
001111011 001111011111
001111100 001111100101
001111101 001111101110
001111110 001111110011
001111111 001111111000
010000000 010000000011
010000001 010000001000
010000010 010000010101
010000011 010000011110
010000100 010000100100
010000101 010000101111
010000110 010000110010
010000111 010000111001
010001000 010001000110
010001001 010001001101
010001010 010001010000
010001011 010001011011
010001100 010001100001
010001101 010001101010
010001110 010001110111
010001111 010001111100
010010000 010010000010
010010001 010010001001
010010010 010010010100
010010011 010010011111
010010100 010010100101
010010101 010010101110
010010110 010010110011
010010111 010010111000
010011000 010011000111
010011001 010011001100
010011010 010011010001
010011011 010011011010
010011100 010011100000
010011101 010011101011
010011110 010011110110
010011111 010011111101
010100000 010100000001
010100001 010100001010
010100010 010100010111
010100011 010100011100
010100100 010100100110
010100101 010100101101
010100110 010100110000
010100111 010100111011
010101000 010101000100
010101001 010101001111
010101010 010101010010
010101011 010101011001
010101100 010101100011
010101101 010101101000
010101110 010101110101
010101111 010101111110
010110000 010110000000
010110001 010110001011
010110010 010110010110
010110011 010110011101
010110100 010110100111
010110101 010110101100
010110110 010110110001
010110111 010110111010
010111000 010111000101
010111001 010111001110
010111010 010111010011
010111011 010111011000
010111100 010111100010
010111101 010111101001
010111110 010111110100
010111111 010111111111
011000000 011000000111
011000001 011000001100
011000010 011000010001
011000011 011000011010
011000100 011000100000
011000101 011000101011
011000110 011000110110
011000111 011000111101
011001000 011001000010
011001001 011001001001
011001010 011001010100
011001011 011001011111
011001100 011001100101
011001101 011001101110
011001110 011001110011
011001111 011001111000
011010000 011010000110
011010001 011010001101
011010010 011010010000
011010011 011010011011
011010100 011010100001
011010101 011010101010
011010110 011010110111
011010111 011010111100
011011000 011011000011
011011001 011011001000
011011010 011011010101
011011011 011011011110
011011100 011011100100
011011101 011011101111
011011110 011011110010
011011111 011011111001
011100000 011100000101
011100001 011100001110
011100010 011100010011
011100011 011100011000
011100100 011100100010
011100101 011100101001
011100110 011100110100
011100111 011100111111
011101000 011101000000
011101001 011101001011
011101010 011101010110
011101011 011101011101
011101100 011101100111
011101101 011101101100
011101110 011101110001
011101111 011101111010
011110000 011110000100
011110001 011110001111
011110010 011110010010
011110011 011110011001
011110100 011110100011
011110101 011110101000
011110110 011110110101
011110111 011110111110
011111000 011111000001
011111001 011111001010
011111010 011111010111
011111011 011111011100
011111100 011111100110
011111101 011111101101
011111110 011111110000
011111111 011111111011
100000000 100000000110
100000001 100000001101
100000010 100000010000
100000011 100000011011
100000100 100000100001
100000101 100000101010
100000110 100000110111
100000111 100000111100
100001000 100001000011
100001001 100001001000
100001010 100001010101
100001011 100001011110
100001100 100001100100
100001101 100001101111
100001110 100001110010
100001111 100001111001
100010000 100010000111
100010001 100010001100
100010010 100010010001
100010011 100010011010
100010100 100010100000
100010101 100010101011
100010110 100010110110
100010111 100010111101
100011000 100011000010
100011001 100011001001
100011010 100011010100
100011011 100011011111
100011100 100011100101
100011101 100011101110
100011110 100011110011
100011111 100011111000
100100000 100100000100
100100001 100100001111
100100010 100100010010
100100011 100100011001
100100100 100100100011
100100101 100100101000
100100110 100100110101
100100111 100100111110
100101000 100101000001
100101001 100101001010
100101010 100101010111
100101011 100101011100
100101100 100101100110
100101101 100101101101
100101110 100101110000
100101111 100101111011
100110000 100110000101
100110001 100110001110
100110010 100110010011
100110011 100110011000
100110100 100110100010
100110101 100110101001
100110110 100110110100
100110111 100110111111
100111000 100111000000
100111001 100111001011
100111010 100111010110
100111011 100111011101
100111100 100111100111
100111101 100111101100
100111110 100111110001
100111111 100111111010
101000000 101000000010
101000001 101000001001
101000010 101000010100
101000011 101000011111
101000100 101000100101
101000101 101000101110
101000110 101000110011
101000111 101000111000
101001000 101001000111
101001001 101001001100
101001010 101001010001
101001011 101001011010
101001100 101001100000
101001101 101001101011
101001110 101001110110
101001111 101001111101
101010000 101010000011
101010001 101010001000
101010010 101010010101
101010011 101010011110
101010100 101010100100
101010101 101010101111
101010110 101010110010
101010111 101010111001
101011000 101011000110
101011001 101011001101
101011010 101011010000
101011011 101011011011
101011100 101011100001
101011101 101011101010
101011110 101011110111
101011111 101011111100
101100000 101100000000
101100001 101100001011
101100010 101100010110
101100011 101100011101
101100100 101100100111
101100101 101100101100
101100110 101100110001
101100111 101100111010
101101000 101101000101
101101001 101101001110
101101010 101101010011
101101011 101101011000
101101100 101101100010
101101101 101101101001
101101110 101101110100
101101111 101101111111
101110000 101110000001
101110001 101110001010
101110010 101110010111
101110011 101110011100
101110100 101110100110
101110101 101110101101
101110110 101110110000
101110111 101110111011
101111000 101111000100
101111001 101111001111
101111010 101111010010
101111011 101111011001
101111100 101111100011
101111101 101111101000
101111110 101111110101
101111111 101111111110
110000000 110000000101
110000001 110000001110
110000010 110000010011
110000011 110000011000
110000100 110000100010
110000101 110000101001
110000110 110000110100
110000111 110000111111
110001000 110001000000
110001001 110001001011
110001010 110001010110
110001011 110001011101
110001100 110001100111
110001101 110001101100
110001110 110001110001
110001111 110001111010
110010000 110010000100
110010001 110010001111
110010010 110010010010
110010011 110010011001
110010100 110010100011
110010101 110010101000
110010110 110010110101
110010111 110010111110
110011000 110011000001
110011001 110011001010
110011010 110011010111
110011011 110011011100
110011100 110011100110
110011101 110011101101
110011110 110011110000
110011111 110011111011
110100000 110100000111
110100001 110100001100
110100010 110100010001
110100011 110100011010
110100100 110100100000
110100101 110100101011
110100110 110100110110
110100111 110100111101
110101000 110101000010
110101001 110101001001
110101010 110101010100
110101011 110101011111
110101100 110101100101
110101101 110101101110
110101110 110101110011
110101111 110101111000
110110000 110110000110
110110001 110110001101
110110010 110110010000
110110011 110110011011
110110100 110110100001
110110101 110110101010
110110110 110110110111
110110111 110110111100
110111000 110111000011
110111001 110111001000
110111010 110111010101
110111011 110111011110
110111100 110111100100
110111101 110111101111
110111110 110111110010
110111111 110111111001
111000000 111000000001
111000001 111000001010
111000010 111000010111
111000011 111000011100
111000100 111000100110
111000101 111000101101
111000110 111000110000
111000111 111000111011
111001000 111001000100
111001001 111001001111
111001010 111001010010
111001011 111001011001
111001100 111001100011
111001101 111001101000
111001110 111001110101
111001111 111001111110
111010000 111010000000
111010001 111010001011
111010010 111010010110
111010011 111010011101
111010100 111010100111
111010101 111010101100
111010110 111010110001
111010111 111010111010
111011000 111011000101
111011001 111011001110
111011010 111011010011
111011011 111011011000
111011100 111011100010
111011101 111011101001
111011110 111011110100
111011111 111011111111
111100000 111100000011
111100001 111100001000
111100010 111100010101
111100011 111100011110
111100100 111100100100
111100101 111100101111
111100110 111100110010
111100111 111100111001
111101000 111101000110
111101001 111101001101
111101010 111101010000
111101011 111101011011
111101100 111101100001
111101101 111101101010
111101110 111101110111
111101111 111101111100
111110000 111110000010
111110001 111110001001
111110010 111110010100
111110011 111110011111
111110100 111110100101
111110101 111110101110
111110110 111110110011
111110111 111110111000
111111000 111111000111
111111001 111111001100
111111010 111111010001
111111011 111111011010
111111100 111111100000
111111101 111111101011
111111110 111111110110
111111111 111111111101
0000000000 00000000000000
0000000001 00000000010111
0000000010 00000000101110
0000000011 00000000111001
0000000100 00000001001011
0000000101 00000001011100
0000000110 00000001100101
0000000111 00000001110010
0000001000 00000010000001
0000001001 00000010010110
0000001010 00000010101111
0000001011 00000010111000
0000001100 00000011001010
0000001101 00000011011101
0000001110 00000011100100
0000001111 00000011110011
0000010000 00000100000010
0000010001 00000100010101
0000010010 00000100101100
0000010011 00000100111011
0000010100 00000101001001
0000010101 00000101011110
0000010110 00000101100111
0000010111 00000101110000
0000011000 00000110000011
0000011001 00000110010100
0000011010 00000110101101
0000011011 00000110111010
0000011100 00000111001000
0000011101 00000111011111
0000011110 00000111100110
0000011111 00000111110001
0000100000 00001000000100
0000100001 00001000010011
0000100010 00001000101010
0000100011 00001000111101
0000100100 00001001001111
0000100101 00001001011000
0000100110 00001001100001
0000100111 00001001110110
0000101000 00001010000101
0000101001 00001010010010
0000101010 00001010101011
0000101011 00001010111100
0000101100 00001011001110
0000101101 00001011011001
0000101110 00001011100000
0000101111 00001011110111
0000110000 00001100000110
0000110001 00001100010001
0000110010 00001100101000
0000110011 00001100111111
0000110100 00001101001101
0000110101 00001101011010
0000110110 00001101100011
0000110111 00001101110100
0000111000 00001110000111
0000111001 00001110010000
0000111010 00001110101001
0000111011 00001110111110
0000111100 00001111001100
0000111101 00001111011011
0000111110 00001111100010
0000111111 00001111110101
0001000000 00010000001000
0001000001 00010000011111
0001000010 00010000100110
0001000011 00010000110001
0001000100 00010001000011
0001000101 00010001010100
0001000110 00010001101101
0001000111 00010001111010
0001001000 00010010001001
0001001001 00010010011110
0001001010 00010010100111
0001001011 00010010110000
0001001100 00010011000010
0001001101 00010011010101
0001001110 00010011101100
0001001111 00010011111011
0001010000 00010100001010
0001010001 00010100011101
0001010010 00010100100100
0001010011 00010100110011
0001010100 00010101000001
0001010101 00010101010110
0001010110 00010101101111
0001010111 00010101111000
0001011000 00010110001011
0001011001 00010110011100
0001011010 00010110100101
0001011011 00010110110010
0001011100 00010111000000
0001011101 00010111010111
0001011110 00010111101110
0001011111 00010111111001
0001100000 00011000001100
0001100001 00011000011011
0001100010 00011000100010
0001100011 00011000110101
0001100100 00011001000111
0001100101 00011001010000
0001100110 00011001101001
0001100111 00011001111110
0001101000 00011010001101
0001101001 00011010011010
0001101010 00011010100011
0001101011 00011010110100
0001101100 00011011000110
0001101101 00011011010001
0001101110 00011011101000
0001101111 00011011111111
0001110000 00011100001110
0001110001 00011100011001
0001110010 00011100100000
0001110011 00011100110111
0001110100 00011101000101
0001110101 00011101010010
0001110110 00011101101011
0001110111 00011101111100
0001111000 00011110001111
0001111001 00011110011000
0001111010 00011110100001
0001111011 00011110110110
0001111100 00011111000100
0001111101 00011111010011
0001111110 00011111101010
0001111111 00011111111101
0010000000 00100000000111
0010000001 00100000010000
0010000010 00100000101001
0010000011 00100000111110
0010000100 00100001001100
0010000101 00100001011011
0010000110 00100001100010
0010000111 00100001110101
0010001000 00100010000110
0010001001 00100010010001
0010001010 00100010101000
0010001011 00100010111111
0010001100 00100011001101
0010001101 00100011011010
0010001110 00100011100011
0010001111 00100011110100
0010010000 00100100000101
0010010001 00100100010010
0010010010 00100100101011
0010010011 00100100111100
0010010100 00100101001110
0010010101 00100101011001
0010010110 00100101100000
0010010111 00100101110111
0010011000 00100110000100
0010011001 00100110010011
0010011010 00100110101010
0010011011 00100110111101
0010011100 00100111001111
0010011101 00100111011000
0010011110 00100111100001
0010011111 00100111110110
0010100000 00101000000011
0010100001 00101000010100
0010100010 00101000101101
0010100011 00101000111010
0010100100 00101001001000
0010100101 00101001011111
0010100110 00101001100110
0010100111 00101001110001
0010101000 00101010000010
0010101001 00101010010101
0010101010 00101010101100
0010101011 00101010111011
0010101100 00101011001001
0010101101 00101011011110
0010101110 00101011100111
0010101111 00101011110000
0010110000 00101100000001
0010110001 00101100010110
0010110010 00101100101111
0010110011 00101100111000
0010110100 00101101001010
0010110101 00101101011101
0010110110 00101101100100
0010110111 00101101110011
0010111000 00101110000000
0010111001 00101110010111
0010111010 00101110101110
0010111011 00101110111001
0010111100 00101111001011
0010111101 00101111011100
0010111110 00101111100101
0010111111 00101111110010
0011000000 00110000001111
0011000001 00110000011000
0011000010 00110000100001
0011000011 00110000110110
0011000100 00110001000100
0011000101 00110001010011
0011000110 00110001101010
0011000111 00110001111101
0011001000 00110010001110
0011001001 00110010011001
0011001010 00110010100000
0011001011 00110010110111
0011001100 00110011000101
0011001101 00110011010010
0011001110 00110011101011
0011001111 00110011111100
0011010000 00110100001101
0011010001 00110100011010
0011010010 00110100100011
0011010011 00110100110100
0011010100 00110101000110
0011010101 00110101010001
0011010110 00110101101000
0011010111 00110101111111
0011011000 00110110001100
0011011001 00110110011011
0011011010 00110110100010
0011011011 00110110110101
0011011100 00110111000111
0011011101 00110111010000
0011011110 00110111101001
0011011111 00110111111110
0011100000 00111000001011
0011100001 00111000011100
0011100010 00111000100101
0011100011 00111000110010
0011100100 00111001000000
0011100101 00111001010111
0011100110 00111001101110
0011100111 00111001111001
0011101000 00111010001010
0011101001 00111010011101
0011101010 00111010100100
0011101011 00111010110011
0011101100 00111011000001
0011101101 00111011010110
0011101110 00111011101111
0011101111 00111011111000
0011110000 00111100001001
0011110001 00111100011110
0011110010 00111100100111
0011110011 00111100110000
0011110100 00111101000010
0011110101 00111101010101
0011110110 00111101101100
0011110111 00111101111011
0011111000 00111110001000
0011111001 00111110011111
0011111010 00111110100110
0011111011 00111110110001
0011111100 00111111000011
0011111101 00111111010100
0011111110 00111111101101
0011111111 00111111111010
0100000000 01000000001110
0100000001 01000000011001
0100000010 01000000100000
0100000011 01000000110111
0100000100 01000001000101
0100000101 01000001010010
0100000110 01000001101011
0100000111 01000001111100
0100001000 01000010001111
0100001001 01000010011000
0100001010 01000010100001
0100001011 01000010110110
0100001100 01000011000100
0100001101 01000011010011
0100001110 01000011101010
0100001111 01000011111101
0100010000 01000100001100
0100010001 01000100011011
0100010010 01000100100010
0100010011 01000100110101
0100010100 01000101000111
0100010101 01000101010000
0100010110 01000101101001
0100010111 01000101111110
0100011000 01000110001101
0100011001 01000110011010
0100011010 01000110100011
0100011011 01000110110100
0100011100 01000111000110
0100011101 01000111010001
0100011110 01000111101000
0100011111 01000111111111
0100100000 01001000001010
0100100001 01001000011101
0100100010 01001000100100
0100100011 01001000110011
0100100100 01001001000001
0100100101 01001001010110
0100100110 01001001101111
0100100111 01001001111000
0100101000 01001010001011
0100101001 01001010011100
0100101010 01001010100101
0100101011 01001010110010
0100101100 01001011000000
0100101101 01001011010111
0100101110 01001011101110
0100101111 01001011111001
0100110000 01001100001000
0100110001 01001100011111
0100110010 01001100100110
0100110011 01001100110001
0100110100 01001101000011
0100110101 01001101010100
0100110110 01001101101101
0100110111 01001101111010
0100111000 01001110001001
0100111001 01001110011110
0100111010 01001110100111
0100111011 01001110110000
0100111100 01001111000010
0100111101 01001111010101
0100111110 01001111101100
0100111111 01001111111011
0101000000 01010000000110
0101000001 01010000010001
0101000010 01010000101000
0101000011 01010000111111
0101000100 01010001001101
0101000101 01010001011010
0101000110 01010001100011
0101000111 01010001110100
0101001000 01010010000111
0101001001 01010010010000
0101001010 01010010101001
0101001011 01010010111110
0101001100 01010011001100
0101001101 01010011011011
0101001110 01010011100010
0101001111 01010011110101
0101010000 01010100000100
0101010001 01010100010011
0101010010 01010100101010
0101010011 01010100111101
0101010100 01010101001111
0101010101 01010101011000
0101010110 01010101100001
0101010111 01010101110110
0101011000 01010110000101
0101011001 01010110010010
0101011010 01010110101011
0101011011 01010110111100
0101011100 01010111001110
0101011101 01010111011001
0101011110 01010111100000
0101011111 01010111110111
0101100000 01011000000010
0101100001 01011000010101
0101100010 01011000101100
0101100011 01011000111011
0101100100 01011001001001
0101100101 01011001011110
0101100110 01011001100111
0101100111 01011001110000
0101101000 01011010000011
0101101001 01011010010100
0101101010 01011010101101
0101101011 01011010111010
0101101100 01011011001000
0101101101 01011011011111
0101101110 01011011100110
0101101111 01011011110001
0101110000 01011100000000
0101110001 01011100010111
0101110010 01011100101110
0101110011 01011100111001
0101110100 01011101001011
0101110101 01011101011100
0101110110 01011101100101
0101110111 01011101110010
0101111000 01011110000001
0101111001 01011110010110
0101111010 01011110101111
0101111011 01011110111000
0101111100 01011111001010
0101111101 01011111011101
0101111110 01011111100100
0101111111 01011111110011
0110000000 01100000001001
0110000001 01100000011110
0110000010 01100000100111
0110000011 01100000110000
0110000100 01100001000010
0110000101 01100001010101
0110000110 01100001101100
0110000111 01100001111011
0110001000 01100010001000
0110001001 01100010011111
0110001010 01100010100110
0110001011 01100010110001
0110001100 01100011000011
0110001101 01100011010100
0110001110 01100011101101
0110001111 01100011111010
0110010000 01100100001011
0110010001 01100100011100
0110010010 01100100100101
0110010011 01100100110010
0110010100 01100101000000
0110010101 01100101010111
0110010110 01100101101110
0110010111 01100101111001
0110011000 01100110001010
0110011001 01100110011101
0110011010 01100110100100
0110011011 01100110110011
0110011100 01100111000001
0110011101 01100111010110
0110011110 01100111101111
0110011111 01100111111000
0110100000 01101000001101
0110100001 01101000011010
0110100010 01101000100011
0110100011 01101000110100
0110100100 01101001000110
0110100101 01101001010001
0110100110 01101001101000
0110100111 01101001111111
0110101000 01101010001100
0110101001 01101010011011
0110101010 01101010100010
0110101011 01101010110101
0110101100 01101011000111
0110101101 01101011010000
0110101110 01101011101001
0110101111 01101011111110
0110110000 01101100001111
0110110001 01101100011000
0110110010 01101100100001
0110110011 01101100110110
0110110100 01101101000100
0110110101 01101101010011
0110110110 01101101101010
0110110111 01101101111101
0110111000 01101110001110
0110111001 01101110011001
0110111010 01101110100000
0110111011 01101110110111
0110111100 01101111000101
0110111101 01101111010010
0110111110 01101111101011
0110111111 01101111111100
0111000000 01110000000001
0111000001 01110000010110
0111000010 01110000101111
0111000011 01110000111000
0111000100 01110001001010
0111000101 01110001011101
0111000110 01110001100100
0111000111 01110001110011
0111001000 01110010000000
0111001001 01110010010111
0111001010 01110010101110
0111001011 01110010111001
0111001100 01110011001011
0111001101 01110011011100
0111001110 01110011100101
0111001111 01110011110010
0111010000 01110100000011
0111010001 01110100010100
0111010010 01110100101101
0111010011 01110100111010
0111010100 01110101001000
0111010101 01110101011111
0111010110 01110101100110
0111010111 01110101110001
0111011000 01110110000010
0111011001 01110110010101
0111011010 01110110101100
0111011011 01110110111011
0111011100 01110111001001
0111011101 01110111011110
0111011110 01110111100111
0111011111 01110111110000
0111100000 01111000000101
0111100001 01111000010010
0111100010 01111000101011
0111100011 01111000111100
0111100100 01111001001110
0111100101 01111001011001
0111100110 01111001100000
0111100111 01111001110111
0111101000 01111010000100
0111101001 01111010010011
0111101010 01111010101010
0111101011 01111010111101
0111101100 01111011001111
0111101101 01111011011000
0111101110 01111011100001
0111101111 01111011110110
0111110000 01111100000111
0111110001 01111100010000
0111110010 01111100101001
0111110011 01111100111110
0111110100 01111101001100
0111110101 01111101011011
0111110110 01111101100010
0111110111 01111101110101
0111111000 01111110000110
0111111001 01111110010001
0111111010 01111110101000
0111111011 01111110111111
0111111100 01111111001101
0111111101 01111111011010
0111111110 01111111100011
0111111111 01111111110100
1000000000 10000000001011
1000000001 10000000011100
1000000010 10000000100101
1000000011 10000000110010
1000000100 10000001000000
1000000101 10000001010111
1000000110 10000001101110
1000000111 10000001111001
1000001000 10000010001010
1000001001 10000010011101
1000001010 10000010100100
1000001011 10000010110011
1000001100 10000011000001
1000001101 10000011010110
1000001110 10000011101111
1000001111 10000011111000
1000010000 10000100001001
1000010001 10000100011110
1000010010 10000100100111
1000010011 10000100110000
1000010100 10000101000010
1000010101 10000101010101
1000010110 10000101101100
1000010111 10000101111011
1000011000 10000110001000
1000011001 10000110011111
1000011010 10000110100110
1000011011 10000110110001
1000011100 10000111000011
1000011101 10000111010100
1000011110 10000111101101
1000011111 10000111111010
1000100000 10001000001111
1000100001 10001000011000
1000100010 10001000100001
1000100011 10001000110110
1000100100 10001001000100
1000100101 10001001010011
1000100110 10001001101010
1000100111 10001001111101
1000101000 10001010001110
1000101001 10001010011001
1000101010 10001010100000
1000101011 10001010110111
1000101100 10001011000101
1000101101 10001011010010
1000101110 10001011101011
1000101111 10001011111100
1000110000 10001100001101
1000110001 10001100011010
1000110010 10001100100011
1000110011 10001100110100
1000110100 10001101000110
1000110101 10001101010001
1000110110 10001101101000
1000110111 10001101111111
1000111000 10001110001100
1000111001 10001110011011
1000111010 10001110100010
1000111011 10001110110101
1000111100 10001111000111
1000111101 10001111010000
1000111110 10001111101001
1000111111 10001111111110
1001000000 10010000000011
1001000001 10010000010100
1001000010 10010000101101
1001000011 10010000111010
1001000100 10010001001000
1001000101 10010001011111
1001000110 10010001100110
1001000111 10010001110001
1001001000 10010010000010
1001001001 10010010010101
1001001010 10010010101100
1001001011 10010010111011
1001001100 10010011001001
1001001101 10010011011110
1001001110 10010011100111
1001001111 10010011110000
1001010000 10010100000001
1001010001 10010100010110
1001010010 10010100101111
1001010011 10010100111000
1001010100 10010101001010
1001010101 10010101011101
1001010110 10010101100100
1001010111 10010101110011
1001011000 10010110000000
1001011001 10010110010111
1001011010 10010110101110
1001011011 10010110111001
1001011100 10010111001011
1001011101 10010111011100
1001011110 10010111100101
1001011111 10010111110010
1001100000 10011000000111
1001100001 10011000010000
1001100010 10011000101001
1001100011 10011000111110
1001100100 10011001001100
1001100101 10011001011011
1001100110 10011001100010
1001100111 10011001110101
1001101000 10011010000110
1001101001 10011010010001
1001101010 10011010101000
1001101011 10011010111111
1001101100 10011011001101
1001101101 10011011011010
1001101110 10011011100011
1001101111 10011011110100
1001110000 10011100000101
1001110001 10011100010010
1001110010 10011100101011
1001110011 10011100111100
1001110100 10011101001110
1001110101 10011101011001
1001110110 10011101100000
1001110111 10011101110111
1001111000 10011110000100
1001111001 10011110010011
1001111010 10011110101010
1001111011 10011110111101
1001111100 10011111001111
1001111101 10011111011000
1001111110 10011111100001
1001111111 10011111110110
1010000000 10100000001100
1010000001 10100000011011
1010000010 10100000100010
1010000011 10100000110101
1010000100 10100001000111
1010000101 10100001010000
1010000110 10100001101001
1010000111 10100001111110
1010001000 10100010001101
1010001001 10100010011010
1010001010 10100010100011
1010001011 10100010110100
1010001100 10100011000110
1010001101 10100011010001
1010001110 10100011101000
1010001111 10100011111111
1010010000 10100100001110
1010010001 10100100011001
1010010010 10100100100000
1010010011 10100100110111
1010010100 10100101000101
1010010101 10100101010010
1010010110 10100101101011
1010010111 10100101111100
1010011000 10100110001111
1010011001 10100110011000
1010011010 10100110100001
1010011011 10100110110110
1010011100 10100111000100
1010011101 10100111010011
1010011110 10100111101010
1010011111 10100111111101
1010100000 10101000001000
1010100001 10101000011111
1010100010 10101000100110
1010100011 10101000110001
1010100100 10101001000011
1010100101 10101001010100
1010100110 10101001101101
1010100111 10101001111010
1010101000 10101010001001
1010101001 10101010011110
1010101010 10101010100111
1010101011 10101010110000
1010101100 10101011000010
1010101101 10101011010101
1010101110 10101011101100
1010101111 10101011111011
1010110000 10101100001010
1010110001 10101100011101
1010110010 10101100100100
1010110011 10101100110011
1010110100 10101101000001
1010110101 10101101010110
1010110110 10101101101111
1010110111 10101101111000
1010111000 10101110001011
1010111001 10101110011100
1010111010 10101110100101
1010111011 10101110110010
1010111100 10101111000000
1010111101 10101111010111
1010111110 10101111101110
1010111111 10101111111001
1011000000 10110000000100
1011000001 10110000010011
1011000010 10110000101010
1011000011 10110000111101
1011000100 10110001001111
1011000101 10110001011000
1011000110 10110001100001
1011000111 10110001110110
1011001000 10110010000101
1011001001 10110010010010
1011001010 10110010101011
1011001011 10110010111100
1011001100 10110011001110
1011001101 10110011011001
1011001110 10110011100000
1011001111 10110011110111
1011010000 10110100000110
1011010001 10110100010001
1011010010 10110100101000
1011010011 10110100111111
1011010100 10110101001101
1011010101 10110101011010
1011010110 10110101100011
1011010111 10110101110100
1011011000 10110110000111
1011011001 10110110010000
1011011010 10110110101001
1011011011 10110110111110
1011011100 10110111001100
1011011101 10110111011011
1011011110 10110111100010
1011011111 10110111110101
1011100000 10111000000000
1011100001 10111000010111
1011100010 10111000101110
1011100011 10111000111001
1011100100 10111001001011
1011100101 10111001011100
1011100110 10111001100101
1011100111 10111001110010
1011101000 10111010000001
1011101001 10111010010110
1011101010 10111010101111
1011101011 10111010111000
1011101100 10111011001010
1011101101 10111011011101
1011101110 10111011100100
1011101111 10111011110011
1011110000 10111100000010
1011110001 10111100010101
1011110010 10111100101100
1011110011 10111100111011
1011110100 10111101001001
1011110101 10111101011110
1011110110 10111101100111
1011110111 10111101110000
1011111000 10111110000011
1011111001 10111110010100
1011111010 10111110101101
1011111011 10111110111010
1011111100 10111111001000
1011111101 10111111011111
1011111110 10111111100110
1011111111 10111111110001
1100000000 11000000000101
1100000001 11000000010010
1100000010 11000000101011
1100000011 11000000111100
1100000100 11000001001110
1100000101 11000001011001
1100000110 11000001100000
1100000111 11000001110111
1100001000 11000010000100
1100001001 11000010010011
1100001010 11000010101010
1100001011 11000010111101
1100001100 11000011001111
1100001101 11000011011000
1100001110 11000011100001
1100001111 11000011110110
1100010000 11000100000111
1100010001 11000100010000
1100010010 11000100101001
1100010011 11000100111110
1100010100 11000101001100
1100010101 11000101011011
1100010110 11000101100010
1100010111 11000101110101
1100011000 11000110000110
1100011001 11000110010001
1100011010 11000110101000
1100011011 11000110111111
1100011100 11000111001101
1100011101 11000111011010
1100011110 11000111100011
1100011111 11000111110100
1100100000 11001000000001
1100100001 11001000010110
1100100010 11001000101111
1100100011 11001000111000
1100100100 11001001001010
1100100101 11001001011101
1100100110 11001001100100
1100100111 11001001110011
1100101000 11001010000000
1100101001 11001010010111
1100101010 11001010101110
1100101011 11001010111001
1100101100 11001011001011
1100101101 11001011011100
1100101110 11001011100101
1100101111 11001011110010
1100110000 11001100000011
1100110001 11001100010100
1100110010 11001100101101
1100110011 11001100111010
1100110100 11001101001000
1100110101 11001101011111
1100110110 11001101100110
1100110111 11001101110001
1100111000 11001110000010
1100111001 11001110010101
1100111010 11001110101100
1100111011 11001110111011
1100111100 11001111001001
1100111101 11001111011110
1100111110 11001111100111
1100111111 11001111110000
1101000000 11010000001101
1101000001 11010000011010
1101000010 11010000100011
1101000011 11010000110100
1101000100 11010001000110
1101000101 11010001010001
1101000110 11010001101000
1101000111 11010001111111
1101001000 11010010001100
1101001001 11010010011011
1101001010 11010010100010
1101001011 11010010110101
1101001100 11010011000111
1101001101 11010011010000
1101001110 11010011101001
1101001111 11010011111110
1101010000 11010100001111
1101010001 11010100011000
1101010010 11010100100001
1101010011 11010100110110
1101010100 11010101000100
1101010101 11010101010011
1101010110 11010101101010
1101010111 11010101111101
1101011000 11010110001110
1101011001 11010110011001
1101011010 11010110100000
1101011011 11010110110111
1101011100 11010111000101
1101011101 11010111010010
1101011110 11010111101011
1101011111 11010111111100
1101100000 11011000001001
1101100001 11011000011110
1101100010 11011000100111
1101100011 11011000110000
1101100100 11011001000010
1101100101 11011001010101
1101100110 11011001101100
1101100111 11011001111011
1101101000 11011010001000
1101101001 11011010011111
1101101010 11011010100110
1101101011 11011010110001
1101101100 11011011000011
1101101101 11011011010100
1101101110 11011011101101
1101101111 11011011111010
1101110000 11011100001011
1101110001 11011100011100
1101110010 11011100100101
1101110011 11011100110010
1101110100 11011101000000
1101110101 11011101010111
1101110110 11011101101110
1101110111 11011101111001
1101111000 11011110001010
1101111001 11011110011101
1101111010 11011110100100
1101111011 11011110110011
1101111100 11011111000001
1101111101 11011111010110
1101111110 11011111101111
1101111111 11011111111000
1110000000 11100000000010
1110000001 11100000010101
1110000010 11100000101100
1110000011 11100000111011
1110000100 11100001001001
1110000101 11100001011110
1110000110 11100001100111
1110000111 11100001110000
1110001000 11100010000011
1110001001 11100010010100
1110001010 11100010101101
1110001011 11100010111010
1110001100 11100011001000
1110001101 11100011011111
1110001110 11100011100110
1110001111 11100011110001
1110010000 11100100000000
1110010001 11100100010111
1110010010 11100100101110
1110010011 11100100111001
1110010100 11100101001011
1110010101 11100101011100
1110010110 11100101100101
1110010111 11100101110010
1110011000 11100110000001
1110011001 11100110010110
1110011010 11100110101111
1110011011 11100110111000
1110011100 11100111001010
1110011101 11100111011101
1110011110 11100111100100
1110011111 11100111110011
1110100000 11101000000110
1110100001 11101000010001
1110100010 11101000101000
1110100011 11101000111111
1110100100 11101001001101
1110100101 11101001011010
1110100110 11101001100011
1110100111 11101001110100
1110101000 11101010000111
1110101001 11101010010000
1110101010 11101010101001
1110101011 11101010111110
1110101100 11101011001100
1110101101 11101011011011
1110101110 11101011100010
1110101111 11101011110101
1110110000 11101100000100
1110110001 11101100010011
1110110010 11101100101010
1110110011 11101100111101
1110110100 11101101001111
1110110101 11101101011000
1110110110 11101101100001
1110110111 11101101110110
1110111000 11101110000101
1110111001 11101110010010
1110111010 11101110101011
1110111011 11101110111100
1110111100 11101111001110
1110111101 11101111011001
1110111110 11101111100000
1110111111 11101111110111
1111000000 11110000001010
1111000001 11110000011101
1111000010 11110000100100
1111000011 11110000110011
1111000100 11110001000001
1111000101 11110001010110
1111000110 11110001101111
1111000111 11110001111000
1111001000 11110010001011
1111001001 11110010011100
1111001010 11110010100101
1111001011 11110010110010
1111001100 11110011000000
1111001101 11110011010111
1111001110 11110011101110
1111001111 11110011111001
1111010000 11110100001000
1111010001 11110100011111
1111010010 11110100100110
1111010011 11110100110001
1111010100 11110101000011
1111010101 11110101010100
1111010110 11110101101101
1111010111 11110101111010
1111011000 11110110001001
1111011001 11110110011110
1111011010 11110110100111
1111011011 11110110110000
1111011100 11110111000010
1111011101 11110111010101
1111011110 11110111101100
1111011111 11110111111011
1111100000 11111000001110
1111100001 11111000011001
1111100010 11111000100000
1111100011 11111000110111
1111100100 11111001000101
1111100101 11111001010010
1111100110 11111001101011
1111100111 11111001111100
1111101000 11111010001111
1111101001 11111010011000
1111101010 11111010100001
1111101011 11111010110110
1111101100 11111011000100
1111101101 11111011010011
1111101110 11111011101010
1111101111 11111011111101
1111110000 11111100001100
1111110001 11111100011011
1111110010 11111100100010
1111110011 11111100110101
1111110100 11111101000111
1111110101 11111101010000
1111110110 11111101101001
1111110111 11111101111110
1111111000 11111110001101
1111111001 11111110011010
1111111010 11111110100011
1111111011 11111110110100
1111111100 11111111000110
1111111101 11111111010001
1111111110 11111111101000
1111111111 11111111111111
